GEO.display-label; Total; Total_Male; Total_Female;Total_age0to17;Male_age0to17;Female_age0to17;Total_age18to64;Male_age18to64;Female_age18to64;Total_age65plus;Male_age65plus;Female_age65plus;Total_age85plusr;Male_age85plusr;Female_age85plusr
"Autauga County, Alabama";55601;26995;28606;13163;6726;6437;33785;16482;17303;8653;3787;4866;871;329;542
"Baldwin County, Alabama";218022;105657;112365;47110;23810;23300;126341;61166;65175;44571;20681;23890;4304;1755;2549
"Barbour County, Alabama";24881;13133;11748;5192;2630;2562;14857;8414;6443;4832;2089;2743;472;148;324
"Bibb County, Alabama";22400;11921;10479;4587;2399;2188;14123;7895;6228;3690;1627;2063;363;108;255
"Blount County, Alabama";57840;28500;29340;13392;6707;6685;33900;17042;16858;10548;4751;5797;1032;371;661
"Bullock County, Alabama";10138;5527;4611;2137;1094;1043;6340;3717;2623;1661;716;945;184;53;131
"Butler County, Alabama";19680;9165;10515;4378;2319;2059;11307;5212;6095;3995;1634;2361;585;137;448
"Calhoun County, Alabama";114277;54914;59363;24695;12598;12097;69335;33731;35604;20247;8585;11662;2111;631;1480
"Chambers County, Alabama";33615;16093;17522;6992;3572;3420;20061;9733;10328;6562;2788;3774;749;198;551
"Cherokee County, Alabama";26032;12896;13136;4990;2533;2457;15062;7574;7488;5980;2789;3191;536;184;352
"Chilton County, Alabama";44153;21668;22485;10491;5224;5267;26251;13074;13177;7411;3370;4041;769;297;472
"Choctaw County, Alabama";12841;6070;6771;2567;1338;1229;7321;3445;3876;2953;1287;1666;353;132;221
"Clarke County, Alabama";23920;11328;12592;5195;2612;2583;13972;6629;7343;4753;2087;2666;592;189;403
"Clay County, Alabama";13275;6492;6783;2688;1413;1275;7836;3848;3988;2751;1231;1520;312;120;192
"Cleburne County, Alabama";14987;7421;7566;3412;1791;1621;8660;4313;4347;2915;1317;1598;339;107;232
"Coffee County, Alabama";51909;25521;26388;12280;6318;5962;30828;15357;15471;8801;3846;4955;970;316;654
"Colbert County, Alabama";54762;26259;28503;11370;5734;5636;32478;15778;16700;10914;4747;6167;1286;492;794
"Conecuh County, Alabama";12277;5881;6396;2550;1258;1292;6965;3361;3604;2762;1262;1500;325;137;188
"Coosa County, Alabama";10715;5399;5316;1777;931;846;6457;3301;3156;2481;1167;1314;270;101;169
"Covington County, Alabama";36986;17896;19090;8089;4138;3951;21107;10366;10741;7790;3392;4398;979;316;663
"Crenshaw County, Alabama";13824;6674;7150;3160;1633;1527;8035;3898;4137;2629;1143;1486;303;84;219
"Cullman County, Alabama";83442;41245;42197;18757;9554;9203;49239;24781;24458;15446;6910;8536;1450;530;920
"Dale County, Alabama";48956;24023;24933;11247;5750;5497;29439;14592;14847;8270;3681;4589;898;338;560
"Dallas County, Alabama";38310;17685;20625;9121;4625;4496;22268;10128;12140;6921;2932;3989;701;193;508
"DeKalb County, Alabama";71385;35428;35957;17188;8834;8354;41875;21065;20810;12322;5529;6793;1207;398;809
"Elmore County, Alabama";81887;39585;42302;18211;9284;8927;51276;24709;26567;12400;5592;6808;1164;361;803
"Escambia County, Alabama";36748;18628;18120;8219;4112;4107;21933;11733;10200;6596;2783;3813;683;218;465
"Etowah County, Alabama";102501;49653;52848;21997;11284;10713;61017;29882;31135;19487;8487;11000;1983;636;1347
"Fayette County, Alabama";16433;8023;8410;3472;1776;1696;9489;4727;4762;3472;1520;1952;340;116;224
"Franklin County, Alabama";31363;15823;15540;7695;3941;3754;18372;9531;8841;5296;2351;2945;565;209;356
"Geneva County, Alabama";26314;12846;13468;5768;2950;2818;15205;7513;7692;5341;2383;2958;578;200;378
"Greene County, Alabama";8233;3887;4346;1825;928;897;4571;2175;2396;1837;784;1053;241;75;166
"Hale County, Alabama";14726;7008;7718;3394;1779;1615;8503;3981;4522;2829;1248;1581;350;106;244
"Henry County, Alabama";17209;8300;8909;3547;1827;1720;9752;4762;4990;3910;1711;2199;423;113;310
"Houston County, Alabama";104722;50286;54436;24120;12513;11607;61963;29717;32246;18639;8056;10583;2037;685;1352
"Jackson County, Alabama";51736;25390;26346;10806;5654;5152;30557;15121;15436;10373;4615;5758;957;319;638
"Jefferson County, Alabama";659300;311591;347709;150071;76250;73821;404682;191924;212758;104547;43417;61130;13443;4158;9285
"Lamar County, Alabama";13844;6767;7077;2961;1515;1446;7885;3913;3972;2998;1339;1659;326;101;225
"Lauderdale County, Alabama";92387;44327;48060;18168;9232;8936;55656;27073;28583;18563;8022;10541;2095;694;1401
"Lawrence County, Alabama";32957;16047;16910;7115;3637;3478;19691;9664;10027;6151;2746;3405;558;187;371
"Lee County, Alabama";163941;80639;83302;34893;17839;17054;109567;54067;55500;19481;8733;10748;1801;623;1178
"Limestone County, Alabama";96174;48156;48018;21696;10961;10735;59870;30627;29243;14608;6568;8040;1391;442;949
"Lowndes County, Alabama";9974;4670;5304;2256;1120;1136;5838;2760;3078;1880;790;1090;215;61;154
"Macon County, Alabama";18439;8383;10056;3118;1572;1546;11565;5239;6326;3756;1572;2184;425;129;296
"Madison County, Alabama";366519;179074;187445;79966;40842;39124;231428;114090;117338;55125;24142;30983;6223;2299;3924
"Marengo County, Alabama";19066;8933;10133;4335;2143;2192;10994;5175;5819;3737;1615;2122;510;161;349
"Marion County, Alabama";29763;14686;15077;6183;3216;2967;17259;8689;8570;6321;2781;3540;701;230;471
"Marshall County, Alabama";96109;47502;48607;23936;12310;11626;55798;28113;27685;16375;7079;9296;1679;551;1128
"Mobile County, Alabama";413757;197077;216680;96711;48979;47732;250005;119243;130762;67041;28855;38186;7238;2389;4849
"Monroe County, Alabama";21067;10005;11062;4543;2315;2228;12249;5829;6420;4275;1861;2414;567;179;388
"Montgomery County, Alabama";225763;106522;119241;52774;26729;26045;138816;65532;73284;34173;14261;19912;4012;1359;2653
"Morgan County, Alabama";119089;58682;60407;27168;13926;13242;71118;35657;35461;20803;9099;11704;2190;762;1428
"Perry County, Alabama";9140;4281;4859;1942;1005;937;5424;2561;2863;1774;715;1059;235;67;168
"Pickens County, Alabama";19938;9948;9990;3921;2058;1863;12224;6167;6057;3793;1723;2070;430;159;271
"Pike County, Alabama";33338;16098;17240;6328;3284;3044;22023;10603;11420;4987;2211;2776;565;173;392
"Randolph County, Alabama";22725;11056;11669;4874;2499;2375;13226;6474;6752;4625;2083;2542;491;152;339
"Russell County, Alabama";57781;27745;30036;13968;7156;6812;35533;17141;18392;8280;3448;4832;893;240;653
"St. Clair County, Alabama";88690;44027;44663;20126;10463;9663;53826;26978;26848;14738;6586;8152;1301;464;837
"Shelby County, Alabama";215707;104270;111437;50645;25548;25097;131975;63992;67983;33087;14730;18357;3416;1228;2188
"Sumter County, Alabama";12691;5802;6889;2407;1212;1195;7998;3662;4336;2286;928;1358;360;93;267
"Talladega County, Alabama";79828;38580;41248;16918;8449;8469;48540;23688;24852;14370;6443;7927;1357;477;880
"Tallapoosa County, Alabama";40497;19632;20865;8369;4292;4077;23397;11338;12059;8731;4002;4729;814;330;484
"Tuscaloosa County, Alabama";208911;100589;108322;43761;22250;21511;137407;66372;71035;27743;11967;15776;3153;987;2166
"Walker County, Alabama";63711;31040;32671;14143;7212;6931;37257;18425;18832;12311;5403;6908;1067;369;698
"Washington County, Alabama";16378;8055;8323;3604;1853;1751;9644;4788;4856;3130;1414;1716;325;120;205
"Wilcox County, Alabama";10627;5056;5571;2525;1243;1282;6036;2890;3146;2066;923;1143;249;67;182
"Winston County, Alabama";23660;11655;12005;4833;2477;2356;13726;6889;6837;5101;2289;2812;553;180;373
"Aleutians East Borough, Alaska";3515;2374;1141;277;144;133;2914;2042;872;324;188;136;28;18;10
"Aleutians West Census Area, Alaska";5723;3750;1973;638;317;321;4691;3188;1503;394;245;149;21;11;10
"Anchorage Municipality, Alaska";291538;148384;143154;71339;36543;34796;187866;96609;91257;32333;15232;17101;3007;1100;1907
"Bethel Census Area, Alaska";18216;9376;8840;6542;3325;3217;10272;5379;4893;1402;672;730;81;21;60
"Bristol Bay Borough, Alaska";877;468;409;167;85;82;583;314;269;127;69;58;5;0;5
"Denali Borough, Alaska";2059;1146;913;384;219;165;1430;772;658;245;155;90;8;5;3
"Dillingham Census Area, Alaska";5000;2518;2482;1578;755;823;2952;1517;1435;470;246;224;35;15;20
"Fairbanks North Star Borough, Alaska";98971;53310;45661;23861;12249;11612;64906;35788;29118;10204;5273;4931;696;275;421
"Haines Borough, Alaska";2474;1222;1252;424;202;222;1504;749;755;546;271;275;49;16;33
"Hoonah-Angoon Census Area, Alaska";2151;1134;1017;397;193;204;1271;666;605;483;275;208;24;15;9
"Juneau City and Borough, Alaska";32113;16313;15800;6830;3488;3342;20985;10756;10229;4298;2069;2229;328;96;232
"Kenai Peninsula Borough, Alaska";58533;30488;28045;13227;6814;6413;35118;18391;16727;10188;5283;4905;690;273;417
"Ketchikan Gateway Borough, Alaska";13918;7102;6816;3102;1558;1544;8654;4453;4201;2162;1091;1071;208;86;122
"Kodiak Island Borough, Alaska";13345;7096;6249;3417;1776;1641;8549;4654;3895;1379;666;713;91;26;65
"Kusilvak Census Area, Alaska";8303;4374;3929;3391;1778;1613;4416;2376;2040;496;220;276;47;14;33
"Lake and Peninsula Borough, Alaska";1587;813;774;453;221;232;972;506;466;162;86;76;13;5;8
"Matanuska-Susitna Borough, Alaska";107610;55867;51743;28860;14903;13957;65936;34550;31386;12814;6414;6400;862;372;490
"Nome Census Area, Alaska";10008;5267;4741;3467;1768;1699;5767;3081;2686;774;418;356;43;18;25
"North Slope Borough, Alaska";9872;6145;3727;2613;1350;1263;6586;4421;2165;673;374;299;48;16;32
"Northwest Arctic Borough, Alaska";7671;4141;3530;2706;1430;1276;4404;2441;1963;561;270;291;66;18;48
"Petersburg Borough, Alaska";3221;1700;1521;670;333;337;1936;1035;901;615;332;283;49;18;31
"Prince of Wales-Hyder Census Area, Alaska";6422;3517;2905;1471;806;665;3855;2092;1763;1096;619;477;55;25;30
"Sitka City and Borough, Alaska";8647;4400;4247;1854;953;901;5432;2810;2622;1361;637;724;149;53;96
"Skagway Municipality, Alaska";1148;597;551;182;97;85;799;414;385;167;86;81;9;5;4
"Southeast Fairbanks Census Area, Alaska";6918;3815;3103;1753;891;862;4160;2367;1793;1005;557;448;53;21;32
"Valdez-Cordova Census Area, Alaska";9164;4803;4361;2146;1059;1087;5762;3073;2689;1256;671;585;66;19;47
"Wrangell City and Borough, Alaska";2503;1296;1207;501;243;258;1454;761;693;548;292;256;41;12;29
"Yakutat City and Borough, Alaska";604;335;269;112;52;60;374;214;160;118;69;49;13;3;10
"Yukon-Koyukuk Census Area, Alaska";5327;2822;2505;1454;740;714;3063;1620;1443;810;462;348;68;38;30
"Apache County, Arizona";71818;35310;36508;19518;9628;9890;41314;20664;20650;10986;5018;5968;1155;443;712
"Cochise County, Arizona";126770;64380;62390;27312;13801;13511;71132;37017;34115;28326;13562;14764;2969;1308;1661
"Coconino County, Arizona";142854;70580;72274;29454;15189;14265;95545;46876;48669;17855;8515;9340;1634;653;981
"Gila County, Arizona";53889;26644;27245;10827;5538;5289;27556;13606;13950;15506;7500;8006;1590;657;933
"Graham County, Arizona";38072;20283;17789;10287;5262;5025;22475;12588;9887;5310;2433;2877;625;249;376
"Greenlee County, Arizona";9483;4871;4612;2590;1305;1285;5645;2989;2656;1248;577;671;191;58;133
"La Paz County, Arizona";21098;10820;10278;3540;1869;1671;9271;4628;4643;8287;4323;3964;1006;555;451
"Maricopa County, Arizona";4410824;2181718;2229106;1052788;537457;515331;2688751;1342660;1346091;669285;301601;367684;78624;30897;47727
"Mohave County, Arizona";209550;105979;103571;35739;18174;17565;110285;56107;54178;63526;31698;31828;6070;2813;3257
"Navajo County, Arizona";110445;55281;55164;29472;14952;14520;60963;30870;30093;20010;9459;10551;1807;745;1062
"Pima County, Arizona";1039073;511456;527617;216736;110384;106352;617082;307885;309197;205255;93187;112068;25438;10132;15306
"Pinal County, Arizona";447138;232917;214221;100778;51405;49373;255231;137530;117701;91129;43982;47147;7553;3522;4031
"Santa Cruz County, Arizona";46511;22473;24038;12435;6306;6129;25655;12332;13323;8421;3835;4586;941;370;571
"Yavapai County, Arizona";231993;113321;118672;37687;19337;18350;121028;59153;61875;73278;34831;38447;7425;3183;4242
"Yuma County, Arizona";212128;109306;102822;53494;27264;26230;118806;62989;55817;39828;19053;20775;5247;2596;2651
"Arkansas County, Arkansas";17769;8593;9176;4074;2070;2004;10211;4957;5254;3484;1566;1918;439;149;290
"Ashley County, Arkansas";20046;9771;10275;4582;2348;2234;11383;5536;5847;4081;1887;2194;375;143;232
"Baxter County, Arkansas";41619;20096;21523;7384;3799;3585;21375;10290;11085;12860;6007;6853;1599;693;906
"Benton County, Arkansas";272608;135582;137026;71569;36662;34907;164482;82519;81963;36557;16401;20156;4174;1595;2579
"Boone County, Arkansas";37480;18443;19037;8593;4452;4141;21144;10494;10650;7743;3497;4246;932;371;561
"Bradley County, Arkansas";10897;5306;5591;2611;1351;1260;6219;3036;3183;2067;919;1148;279;90;189
"Calhoun County, Arkansas";5277;2662;2615;995;508;487;3145;1649;1496;1137;505;632;122;44;78
"Carroll County, Arkansas";28223;14047;14176;6065;3071;2994;15614;7837;7777;6544;3139;3405;636;241;395
"Chicot County, Arkansas";10438;5272;5166;2327;1229;1098;5989;3165;2824;2122;878;1244;318;93;225
"Clark County, Arkansas";22061;10452;11609;4184;2090;2094;14190;6725;7465;3687;1637;2050;458;158;300
"Clay County, Arkansas";14847;7255;7592;3228;1615;1613;8440;4250;4190;3179;1390;1789;361;129;232
"Cleburne County, Arkansas";24965;12277;12688;4737;2423;2314;13541;6757;6784;6687;3097;3590;853;341;512
"Cleveland County, Arkansas";8018;3978;4040;1754;913;841;4581;2283;2298;1683;782;901;173;68;105
"Columbia County, Arkansas";23537;11352;12185;4871;2537;2334;14565;7048;7517;4101;1767;2334;570;203;367
"Conway County, Arkansas";20891;10260;10631;4712;2370;2342;12084;6004;6080;4095;1886;2209;527;198;329
"Craighead County, Arkansas";108558;52730;55828;27090;13976;13114;66438;32381;34057;15030;6373;8657;1845;651;1194
"Crawford County, Arkansas";63406;31258;32148;15501;7886;7615;37358;18598;18760;10547;4774;5773;1084;389;695
"Crittenden County, Arkansas";48342;23011;25331;13076;6659;6417;28428;13386;15042;6838;2966;3872;748;237;511
"Cross County, Arkansas";16676;8044;8632;3906;1975;1931;9640;4686;4954;3130;1383;1747;367;132;235
"Dallas County, Arkansas";7182;3549;3633;1535;820;715;3982;2013;1969;1665;716;949;246;75;171
"Desha County, Arkansas";11512;5437;6075;2950;1498;1452;6374;2984;3390;2188;955;1233;246;72;174
"Drew County, Arkansas";18328;8955;9373;3939;2075;1864;11182;5506;5676;3207;1374;1833;406;138;268
"Faulkner County, Arkansas";124806;60992;63814;28780;14814;13966;80444;39318;41126;15582;6860;8722;1601;550;1051
"Franklin County, Arkansas";17810;8908;8902;4074;2125;1949;10293;5227;5066;3443;1556;1887;438;148;290
"Fulton County, Arkansas";12269;6021;6248;2521;1316;1205;6527;3173;3354;3221;1532;1689;377;155;222
"Garland County, Arkansas";99154;47660;51494;19941;10208;9733;55581;26871;28710;23632;10581;13051;2825;1054;1771
"Grant County, Arkansas";18188;8985;9203;4081;2049;2032;10832;5426;5406;3275;1510;1765;368;134;234
"Greene County, Arkansas";45325;22289;23036;11103;5634;5469;26980;13457;13523;7242;3198;4044;763;269;494
"Hempstead County, Arkansas";21741;10482;11259;5609;2863;2746;12227;5886;6341;3905;1733;2172;487;166;321
"Hot Spring County, Arkansas";33701;17643;16058;6914;3709;3205;20418;11031;9387;6369;2903;3466;685;276;409
"Howard County, Arkansas";13341;6417;6924;3472;1807;1665;7475;3561;3914;2394;1049;1345;297;107;190
"Independence County, Arkansas";37678;18371;19307;9122;4585;4537;21953;10885;11068;6603;2901;3702;819;282;537
"Izard County, Arkansas";13593;7050;6543;2447;1250;1197;7640;4121;3519;3506;1679;1827;445;174;271
"Jackson County, Arkansas";16811;8348;8463;3381;1716;1665;10379;5293;5086;3051;1339;1712;337;118;219
"Jefferson County, Arkansas";68114;33662;34452;15053;7790;7263;41284;20752;20532;11777;5120;6657;1347;406;941
"Johnson County, Arkansas";26742;13264;13478;6617;3318;3299;15725;7911;7814;4400;2035;2365;515;189;326
"Lafayette County, Arkansas";6682;3283;3399;1230;658;572;3846;1882;1964;1606;743;863;200;85;115
"Lawrence County, Arkansas";16434;8112;8322;3614;1911;1703;9578;4766;4812;3242;1435;1807;419;142;277
"Lee County, Arkansas";8985;5049;3936;1639;809;830;5582;3464;2118;1764;776;988;251;103;148
"Lincoln County, Arkansas";13383;8273;5110;2250;1113;1137;9084;6247;2837;2049;913;1136;249;73;176
"Little River County, Arkansas";12326;5936;6390;2742;1437;1305;6995;3353;3642;2589;1146;1443;252;91;161
"Logan County, Arkansas";21737;10852;10885;4711;2474;2237;12711;6378;6333;4315;2000;2315;462;166;296
"Lonoke County, Arkansas";73657;36302;37355;19009;9788;9221;44840;22175;22665;9808;4339;5469;954;320;634
"Madison County, Arkansas";16481;8229;8252;3904;2010;1894;9434;4773;4661;3143;1446;1697;307;102;205
"Marion County, Arkansas";16722;8209;8513;3116;1526;1590;8838;4365;4473;4768;2318;2450;418;149;269
"Miller County, Arkansas";43592;21411;22181;10303;5310;4993;25925;12894;13031;7364;3207;4157;815;259;556
"Mississippi County, Arkansas";41239;20077;21162;10745;5508;5237;24394;11913;12481;6100;2656;3444;663;206;457
"Monroe County, Arkansas";6900;3209;3691;1453;715;738;3846;1805;2041;1601;689;912;201;66;135
"Montgomery County, Arkansas";8924;4414;4510;1639;848;791;4874;2417;2457;2411;1149;1262;281;117;164
"Nevada County, Arkansas";8326;4126;4200;1882;1012;870;4726;2339;2387;1718;775;943;229;82;147
"Newton County, Arkansas";7805;3954;3851;1502;801;701;4234;2151;2083;2069;1002;1067;191;70;121
"Ouachita County, Arkansas";23606;11196;12410;5293;2682;2611;13503;6438;7065;4810;2076;2734;654;204;450
"Perry County, Arkansas";10352;5113;5239;2314;1164;1150;5947;2986;2961;2091;963;1128;239;85;154
"Phillips County, Arkansas";18029;8476;9553;4646;2427;2219;9957;4556;5401;3426;1493;1933;390;122;268
"Pike County, Arkansas";10673;5336;5337;2281;1181;1100;6216;3163;3053;2176;992;1184;206;85;121
"Poinsett County, Arkansas";23974;11646;12328;5760;2909;2851;13918;6936;6982;4296;1801;2495;413;134;279
"Polk County, Arkansas";20049;9767;10282;4567;2263;2304;10871;5389;5482;4611;2115;2496;480;180;300
"Pope County, Arkansas";64000;31721;32279;14509;7438;7071;39410;19762;19648;10081;4521;5560;1176;412;764
"Prairie County, Arkansas";8074;4063;4011;1613;902;711;4541;2233;2308;1920;928;992;252;101;151
"Pulaski County, Arkansas";392680;187731;204949;91009;46495;44514;240596;115223;125373;61075;26013;35062;7397;2357;5040
"Randolph County, Arkansas";17948;8874;9074;4255;2207;2048;10114;5111;5003;3579;1556;2023;528;182;346
"St. Francis County, Arkansas";25439;14023;11416;5396;2721;2675;15921;9425;6496;4122;1877;2245;468;168;300
"Saline County, Arkansas";121421;59489;61932;28223;14435;13788;71634;35218;36416;21564;9836;11728;2065;796;1269
"Scott County, Arkansas";10319;5236;5083;2396;1276;1120;5771;2946;2825;2152;1014;1138;221;86;135
"Searcy County, Arkansas";7958;3988;3970;1626;842;784;4344;2181;2163;1988;965;1023;242;107;135
"Sebastian County, Arkansas";127753;62418;65335;30525;15502;15023;76724;37992;38732;20504;8924;11580;2475;821;1654
"Sevier County, Arkansas";17139;8622;8517;4874;2482;2392;9772;4997;4775;2493;1143;1350;283;113;170
"Sharp County, Arkansas";17366;8570;8796;3572;1877;1695;9264;4560;4704;4530;2133;2397;518;204;314
"Stone County, Arkansas";12457;6135;6322;2396;1220;1176;6645;3316;3329;3416;1599;1817;397;166;231
"Union County, Arkansas";39126;19038;20088;9419;4825;4594;22690;11110;11580;7017;3103;3914;834;285;549
"Van Buren County, Arkansas";16603;8255;8348;3328;1703;1625;8950;4513;4437;4325;2039;2286;554;237;317
"Washington County, Arkansas";236961;118335;118626;57728;29520;28208;151424;76458;74966;27809;12357;15452;3147;1118;2029
"White County, Arkansas";78727;38321;40406;18157;9314;8843;47638;23315;24323;12932;5692;7240;1440;529;911
"Woodruff County, Arkansas";6490;3121;3369;1421;727;694;3567;1740;1827;1502;654;848;200;58;142
"Yell County, Arkansas";21535;10811;10724;5335;2780;2555;12371;6303;6068;3829;1728;2101;484;155;329
"Alameda County, California";1666753;820045;846708;342510;175183;167327;1093733;543780;549953;230510;101082;129428;30420;10764;19656
"Alpine County, California";1101;588;513;193;111;82;628;338;290;280;139;141;23;10;13
"Amador County, California";39383;21425;17958;5914;3050;2864;22836;13266;9570;10633;5109;5524;1086;473;613
"Butte County, California";231256;114342;116914;46213;23727;22486;142051;71207;70844;42992;19408;23584;5578;1983;3595
"Calaveras County, California";45602;22697;22905;7721;3986;3735;25328;12602;12726;12553;6109;6444;1133;472;661
"Colusa County, California";21627;11046;10581;5907;3069;2838;12557;6457;6100;3163;1520;1643;396;149;247
"Contra Costa County, California";1150215;562483;587732;259791;132549;127242;708981;350076;358905;181443;79858;101585;23242;8429;14813
"Del Norte County, California";27828;15188;12640;5854;3004;2850;16956;9787;7169;5018;2397;2621;549;213;336
"El Dorado County, California";190678;95091;95587;37821;19372;18449;112468;56229;56239;40389;19490;20899;4328;1724;2604
"Fresno County, California";994400;496016;498384;281819;143891;137928;590468;297391;293077;122113;54734;67379;15816;5746;10070
"Glenn County, California";28047;14235;13812;7453;3861;3592;16141;8239;7902;4453;2135;2318;545;205;340
"Humboldt County, California";136373;67913;68460;26184;13452;12732;85809;43262;42547;24380;11199;13181;2733;974;1759
"Imperial County, California";181827;93235;88592;51765;26330;25435;106482;56333;50149;23580;10572;13008;3250;1327;1923
"Inyo County, California";17987;9044;8943;3681;1904;1777;10096;5092;5004;4210;2048;2162;625;257;368
"Kern County, California";896764;459690;437074;259180;131676;127504;539237;282652;256585;98347;45362;52985;10381;3905;6476
"Kings County, California";151366;83196;68170;40964;20755;20209;94886;55314;39572;15516;7127;8389;1868;720;1148
"Lake County, California";64382;32140;32242;13490;6885;6605;36257;18114;18143;14635;7141;7494;1441;591;850
"Lassen County, California";30802;19155;11647;5267;2703;2564;20868;14133;6735;4667;2319;2348;570;234;336
"Los Angeles County, California";10105518;4981895;5123623;2188893;1120270;1068623;6540668;3265204;3275464;1375957;596421;779536;191462;68900;122562
"Madera County, California";157672;76008;81664;43339;21995;21344;92282;43572;48710;22051;10441;11610;2378;1021;1357
"Marin County, California";259666;126989;132677;51925;26383;25542;149798;74861;74937;57943;25745;32198;7825;2865;4960
"Mariposa County, California";17471;8904;8567;2828;1456;1372;9761;4994;4767;4882;2454;2428;544;223;321
"Mendocino County, California";87606;43403;44203;18713;9532;9181;49527;24892;24635;19366;8979;10387;2115;710;1405
"Merced County, California";274765;138632;136133;80588;41233;39355;163332;83374;79958;30845;14025;16820;3724;1391;2333
"Modoc County, California";8777;4386;4391;1708;871;837;4711;2322;2389;2358;1193;1165;251;110;141
"Mono County, California";14250;7571;6679;2608;1300;1308;9389;5067;4322;2253;1204;1049;205;108;97
"Monterey County, California";435594;221787;213807;113834;58153;55681;262559;136565;125994;59201;27069;32132;8426;3146;5280
"Napa County, California";139417;69392;70025;28800;14796;14004;83952;42264;41688;26665;12332;14333;3662;1379;2283
"Nevada County, California";99696;48920;50776;17071;8751;8320;55245;27222;28023;27380;12947;14433;3049;1128;1921
"Orange County, California";3185968;1572801;1613167;698788;357476;341312;2016793;1006453;1010340;470387;208872;261515;63179;23480;39699
"Placer County, California";393149;192147;201002;87441;44702;42739;228802;113086;115716;76906;34359;42547;9725;3699;6026
"Plumas County, California";18804;9360;9444;3173;1594;1579;10286;5072;5214;5345;2694;2651;464;177;287
"Riverside County, California";2450758;1221375;1229383;616126;314381;301745;1481510;745834;735676;353122;161160;191962;42956;17432;25524
"Sacramento County, California";1540975;752972;788003;363909;185534;178375;959465;473294;486171;217601;94144;123457;27861;10250;17611
"San Benito County, California";61537;30843;30694;15827;7958;7869;37773;19237;18536;7937;3648;4289;976;362;614
"San Bernardino County, California";2171603;1080950;1090653;572278;292580;279698;1347964;675526;672438;251361;112844;138517;27113;9947;17166
"San Diego County, California";3343364;1682449;1660915;722408;369245;353163;2151502;1104085;1047417;469454;209119;260335;64214;23967;40247
"San Francisco County, California";883305;450363;432942;118692;60542;58150;626364;327260;299104;138249;62561;75688;21829;8175;13654
"San Joaquin County, California";752660;375136;377524;204316;104789;99527;452428;227899;224529;95916;42448;53468;11728;4162;7566
"San Luis Obispo County, California";284010;144092;139918;50000;25649;24351;176970;91905;85065;57040;26538;30502;7161;2826;4335
"San Mateo County, California";769545;380308;389237;158383;80986;77397;487241;245124;242117;123921;54198;69723;18165;6607;11558
"Santa Barbara County, California";446527;223377;223150;98787;50348;48439;279275;142352;136923;68465;30677;37788;10590;4061;6529
"Santa Clara County, California";1937570;980868;956702;424427;217379;207048;1252012;647226;604786;261131;116263;144868;36655;13894;22761
"Santa Cruz County, California";274255;135725;138530;52852;26955;25897;176276;87966;88310;45127;20804;24323;5109;1733;3376
"Shasta County, California";180040;88367;91673;38584;19725;18859;103903;51396;52507;37553;17246;20307;4284;1619;2665
"Sierra County, California";2987;1511;1476;480;246;234;1562;801;761;945;464;481;85;39;46
"Siskiyou County, California";43724;21731;21993;8802;4479;4323;23762;11843;11919;11160;5409;5751;1150;445;705
"Solano County, California";446610;221997;224613;98740;50620;48120;277440;140096;137344;70430;31281;39149;7991;2943;5048
"Sonoma County, California";499942;244124;255818;98196;50059;48137;303032;150378;152654;98714;43687;55027;12108;4279;7829
"Stanislaus County, California";549815;272316;277499;148801;75853;72948;328695;164481;164214;72319;31982;40337;8795;3297;5498
"Sutter County, California";96807;48222;48585;25059;12970;12089;56846;28491;28355;14902;6761;8141;1972;758;1214
"Tehama County, California";63916;31743;32173;15363;7872;7491;36164;18108;18056;12389;5763;6626;1383;560;823
"Trinity County, California";12535;6442;6093;2140;1157;983;6975;3512;3463;3420;1773;1647;290;134;156
"Tulare County, California";465861;233078;232783;142848;73067;69781;269721;135802;133919;53292;24209;29083;6353;2468;3885
"Tuolumne County, California";54539;28296;26243;9158;4689;4469;31102;16786;14316;14279;6821;7458;1583;629;954
"Ventura County, California";850967;421319;429648;194553;98893;95660;524027;263111;260916;132387;59315;73072;17598;6593;11005
"Yolo County, California";220408;106746;113662;46233;23426;22807;146640;71072;75568;27535;12248;15287;3688;1378;2310
"Yuba County, California";78041;39503;38538;21557;11091;10466;46529;23705;22824;9955;4707;5248;955;404;551
"Adams County, Colorado";511868;258470;253398;135776;69246;66530;322505;165179;157326;53587;24045;29542;5462;2046;3416
"Alamosa County, Colorado";16683;8361;8322;4012;2102;1910;10400;5187;5213;2271;1072;1199;234;94;140
"Arapahoe County, Colorado";651215;322713;328502;153397;78321;75076;412753;206723;206030;85065;37669;47396;9312;3321;5991
"Archuleta County, Colorado";13765;6898;6867;2485;1253;1232;7695;3849;3846;3585;1796;1789;258;109;149
"Baca County, Colorado";3585;1800;1785;802;429;373;1897;979;918;886;392;494;168;61;107
"Bent County, Colorado";5882;3848;2034;877;427;450;3950;2888;1062;1055;533;522;146;54;92
"Boulder County, Colorado";326078;164069;162009;61951;31752;30199;217641;111070;106571;46486;21247;25239;5238;1820;3418
"Broomfield County, Colorado";69267;34441;34826;16005;8166;7839;43670;22173;21497;9592;4102;5490;1100;360;740
"Chaffee County, Colorado";20027;10582;9445;3009;1555;1454;11934;6551;5383;5084;2476;2608;555;219;336
"Cheyenne County, Colorado";1876;954;922;477;238;239;1014;536;478;385;180;205;66;15;51
"Clear Creek County, Colorado";9605;5067;4538;1448;763;685;6204;3272;2932;1953;1032;921;140;61;79
"Conejos County, Colorado";8200;4117;4083;2126;1051;1075;4492;2301;2191;1582;765;817;157;76;81
"Costilla County, Colorado";3828;1982;1846;724;375;349;2059;1060;999;1045;547;498;101;32;69
"Crowley County, Colorado";5858;4286;1572;687;348;339;4368;3535;833;803;403;400;101;36;65
"Custer County, Colorado";4954;2555;2399;685;359;326;2675;1367;1308;1594;829;765;89;34;55
"Delta County, Colorado";30953;15501;15452;6197;3131;3066;16732;8565;8167;8024;3805;4219;884;337;547
"Denver County, Colorado";716492;359590;356902;139926;71234;68692;492350;251477;240873;84216;36879;47337;10677;3758;6919
"Dolores County, Colorado";2074;1090;984;415;217;198;1139;588;551;520;285;235;50;24;26
"Douglas County, Colorado";342776;171127;171649;88978;45533;43445;212863;106552;106311;40935;19042;21893;3762;1460;2302
"Eagle County, Colorado";54993;29160;25833;11988;6214;5774;36649;19656;16993;6356;3290;3066;361;160;201
"Elbert County, Colorado";26282;13278;13004;5718;2912;2806;16253;8206;8047;4311;2160;2151;293;96;197
"El Paso County, Colorado";713856;360720;353136;172064;87839;84225;450729;232063;218666;91063;40818;50245;9550;3503;6047
"Fremont County, Colorado";48021;27722;20299;7839;3996;3843;29780;18655;11125;10402;5071;5331;1136;456;680
"Garfield County, Colorado";59770;30533;29237;15072;7678;7394;36840;19030;17810;7858;3825;4033;748;274;474
"Gilpin County, Colorado";6121;3212;2909;952;444;508;4134;2219;1915;1035;549;486;45;23;22
"Grand County, Colorado";15525;8319;7206;2609;1354;1255;10184;5447;4737;2732;1518;1214;189;92;97
"Gunnison County, Colorado";17246;9300;7946;2931;1511;1420;12079;6604;5475;2236;1185;1051;170;66;104
"Hinsdale County, Colorado";811;418;393;126;70;56;439;222;217;246;126;120;22;9;13
"Huerfano County, Colorado";6889;3513;3376;1122;616;506;3619;1778;1841;2148;1119;1029;253;112;141
"Jackson County, Colorado";1399;724;675;239;123;116;849;450;399;311;151;160;33;16;17
"Jefferson County, Colorado";580233;289294;290939;114515;58595;55920;370241;187548;182693;95477;43151;52326;10719;3879;6840
"Kiowa County, Colorado";1383;673;710;309;156;153;750;371;379;324;146;178;56;22;34
"Kit Carson County, Colorado";7163;3582;3581;1820;912;908;3958;2017;1941;1385;653;732;216;76;140
"Lake County, Colorado";7824;4207;3617;1561;791;770;5146;2827;2319;1117;589;528;90;43;47
"La Plata County, Colorado";56310;28411;27899;10684;5552;5132;35958;18105;17853;9668;4754;4914;849;334;515
"Larimer County, Colorado";350518;174991;175527;68703;35105;33598;226877;114635;112242;54938;25251;29687;6166;2205;3961
"Las Animas County, Colorado";14503;7572;6931;2727;1397;1330;8247;4467;3780;3529;1708;1821;402;130;272
"Lincoln County, Colorado";5610;3277;2333;1132;600;532;3493;2211;1282;985;466;519;164;64;100
"Logan County, Colorado";21528;12030;9498;3995;2090;1905;13709;8210;5499;3824;1730;2094;625;194;431
"Mesa County, Colorado";153207;75720;77487;33045;16949;16096;90924;45370;45554;29238;13401;15837;3684;1375;2309
"Mineral County, Colorado";776;385;391;115;55;60;419;204;215;242;126;116;22;11;11
"Moffat County, Colorado";13188;6763;6425;3418;1761;1657;7750;4029;3721;2020;973;1047;231;80;151
"Montezuma County, Colorado";26158;12901;13257;5756;2954;2802;14617;7160;7457;5785;2787;2998;647;255;392
"Montrose County, Colorado";42214;20815;21399;9120;4671;4449;23258;11532;11726;9836;4612;5224;1246;454;792
"Morgan County, Colorado";28558;14410;14148;7424;3764;3660;16712;8648;8064;4422;1998;2424;708;240;468
"Otero County, Colorado";18432;9025;9407;4410;2232;2178;10256;5095;5161;3766;1698;2068;478;176;302
"Ouray County, Colorado";4833;2446;2387;742;381;361;2777;1379;1398;1314;686;628;88;41;47
"Park County, Colorado";18556;9768;8788;2810;1464;1346;11953;6304;5649;3793;2000;1793;172;65;107
"Phillips County, Colorado";4286;2115;2171;1056;559;497;2264;1137;1127;966;419;547;206;72;134
"Pitkin County, Colorado";17950;9289;8661;2704;1362;1342;11764;6078;5686;3482;1849;1633;257;127;130
"Prowers County, Colorado";12164;6113;6051;3138;1618;1520;6883;3531;3352;2143;964;1179;290;108;182
"Pueblo County, Colorado";167529;82556;84973;37623;19339;18284;98918;49221;49697;30988;13996;16992;4028;1480;2548
"Rio Blanco County, Colorado";6336;3237;3099;1506;787;719;3845;1963;1882;985;487;498;126;50;76
"Rio Grande County, Colorado";11250;5624;5626;2550;1292;1258;6424;3233;3191;2276;1099;1177;288;116;172
"Routt County, Colorado";25733;13399;12334;4658;2350;2308;17101;8959;8142;3974;2090;1884;287;111;176
"Saguache County, Colorado";6843;3426;3417;1465;735;730;3806;1876;1930;1572;815;757;100;47;53
"San Juan County, Colorado";762;427;335;96;50;46;488;285;203;178;92;86;12;5;7
"San Miguel County, Colorado";8191;4359;3832;1438;746;692;5552;2954;2598;1201;659;542;61;30;31
"Sedgwick County, Colorado";2303;1137;1166;469;231;238;1230;623;607;604;283;321;106;37;69
"Summit County, Colorado";31007;16816;14191;5038;2649;2389;21734;11945;9789;4235;2222;2013;181;92;89
"Teller County, Colorado";25083;12734;12349;4255;2195;2060;15323;7703;7620;5505;2836;2669;287;119;168
"Washington County, Colorado";4909;2552;2357;1110;585;525;2783;1481;1302;1016;486;530;161;53;108
"Weld County, Colorado";314305;158475;155830;82497;42214;40283;193584;98395;95189;38224;17866;20358;3834;1486;2348
"Yuma County, Colorado";10020;4989;5031;2709;1371;1338;5460;2801;2659;1851;817;1034;277;93;184
"Fairfield County, Connecticut";943823;459748;484075;212038;108041;103997;581867;286738;295129;149918;64969;84949;23666;8077;15589
"Hartford County, Connecticut";892697;434117;458580;187304;95480;91824;552519;273324;279195;152874;65313;87561;23768;7931;15837
"Litchfield County, Connecticut";181111;89551;91560;32933;16924;16009;109676;54942;54734;38502;17685;20817;5000;1790;3210
"Middlesex County, Connecticut";162682;79242;83440;28777;14761;14016;100838;49838;51000;33067;14643;18424;4889;1696;3193
"New Haven County, Connecticut";857620;413494;444126;173046;88452;84594;535688;261306;274382;148886;63736;85150;22603;7428;15175
"New London County, Connecticut";266784;133702;133082;51733;26464;25269;166440;85255;81185;48611;21983;26628;6515;2306;4209
"Tolland County, Connecticut";150921;75598;75323;26160;13383;12777;100916;51131;49785;23845;11084;12761;2969;1112;1857
"Windham County, Connecticut";117027;57943;59084;23202;11873;11329;74407;37325;37082;19418;8745;10673;2461;823;1638
"Kent County, Delaware";178550;86023;92527;40805;20593;20212;107262;51865;55397;30483;13565;16918;3151;1218;1933
"New Castle County, Delaware";559335;271123;288212;120227;60997;59230;352080;172393;179687;87028;37733;49295;10934;3932;7002
"Sussex County, Delaware";229286;110781;118505;42584;21496;21088;123127;59688;63439;63575;29597;33978;5752;2169;3583
"District of Columbia, District of Columbia";702455;333307;369148;127494;64395;63099;489658;234074;255584;85303;34838;50465;12153;4006;8147
"Alachua County, Florida";269956;130428;139528;48541;24588;23953;183579;89172;94407;37836;16668;21168;4599;1659;2940
"Baker County, Florida";28355;14917;13438;6715;3410;3305;17625;9666;7959;4015;1841;2174;372;141;231
"Bay County, Florida";185287;91929;93358;39761;20152;19609;113848;57278;56570;31678;14499;17179;3803;1572;2231
"Bradford County, Florida";27732;15318;12414;5436;2783;2653;17361;10359;7002;4935;2176;2759;611;206;405
"Brevard County, Florida";596849;291903;304946;108913;55942;52971;346591;171221;175370;141345;64740;76605;18607;7464;11143
"Broward County, Florida";1951260;950568;1000692;412789;209292;203497;1214158;598453;615705;324313;142823;181490;46114;16928;29186
"Calhoun County, Florida";14587;7962;6625;2924;1487;1437;9032;5250;3782;2631;1225;1406;310;118;192
"Charlotte County, Florida";184998;90256;94742;22067;11433;10634;88537;43107;45430;74394;35716;38678;9602;4320;5282
"Citrus County, Florida";147929;71714;76215;22036;11203;10833;72188;34865;37323;53705;25646;28059;6272;2779;3493
"Clay County, Florida";216072;106560;109512;50209;25819;24390;131759;64995;66764;34104;15746;18358;3073;1115;1958
"Collier County, Florida";378488;186769;191719;64794;33275;31519;191759;95722;96037;121935;57772;64163;17249;8200;9049
"Columbia County, Florida";70503;36366;34137;15312;7782;7530;41877;22405;19472;13314;6179;7135;1486;589;897
"DeSoto County, Florida";37489;21230;16259;7099;3711;3388;22073;13448;8625;8317;4071;4246;1068;498;570
"Dixie County, Florida";16700;9244;7456;3035;1582;1453;9716;5640;4076;3949;2022;1927;371;174;197
"Duval County, Florida";950181;460434;489747;214676;109448;105228;602022;293668;308354;133483;57318;76165;14914;4800;10114
"Escambia County, Florida";315534;156179;159355;65784;33595;32189;196602;99205;97397;53148;23379;29769;6061;2202;3859
"Flagler County, Florida";112067;53927;58140;18884;9673;9211;58755;27896;30859;34428;16358;18070;3697;1589;2108
"Franklin County, Florida";11736;6545;5191;1888;981;907;7034;4141;2893;2814;1423;1391;215;105;110
"Gadsden County, Florida";45894;21790;24104;10097;5042;5055;27600;13194;14406;8197;3554;4643;891;324;567
"Gilchrist County, Florida";18256;9429;8827;3703;1890;1813;10812;5868;4944;3741;1671;2070;483;154;329
"Glades County, Florida";13724;7719;6005;2080;1057;1023;7900;4766;3134;3744;1896;1848;381;207;174
"Gulf County, Florida";16164;9461;6703;2500;1295;1205;10177;6485;3692;3487;1681;1806;337;151;186
"Hamilton County, Florida";14310;8283;6027;2707;1406;1301;9028;5697;3331;2575;1180;1395;290;104;186
"Hardee County, Florida";27245;14376;12869;7141;3704;3437;15572;8480;7092;4532;2192;2340;547;238;309
"Hendry County, Florida";41556;22163;19393;10964;5820;5144;24880;13465;11415;5712;2878;2834;731;324;407
"Hernando County, Florida";190865;91975;98890;34957;17607;17350;103496;50040;53456;52412;24328;28084;6445;2687;3758
"Highlands County, Florida";105424;51515;53909;17970;9076;8894;50232;24932;25300;37222;17507;19715;5501;2512;2989
"Hillsborough County, Florida";1436888;702940;733948;323986;166454;157532;907587;445925;461662;205315;90561;114754;23732;8703;15029
"Holmes County, Florida";19477;10336;9141;3938;2048;1890;11668;6529;5139;3871;1759;2112;419;170;249
"Indian River County, Florida";157413;75421;81992;25219;12932;12287;80175;38662;41513;52019;23827;28192;7562;3283;4279
"Jackson County, Florida";48305;26615;21690;8961;4703;4258;29920;17686;12234;9424;4226;5198;1134;411;723
"Jefferson County, Florida";14288;7491;6797;2431;1266;1165;8495;4664;3831;3362;1561;1801;370;123;247
"Lafayette County, Florida";8732;4986;3746;1771;842;929;5560;3479;2081;1401;665;736;160;64;96
"Lake County, Florida";356495;172515;183980;68268;34814;33454;193118;94003;99115;95109;43698;51411;11223;4694;6529
"Lee County, Florida";754610;369372;385238;132623;67893;64730;406093;198648;207445;215894;102831;113063;26050;11548;14502
"Leon County, Florida";292502;138642;153860;54472;27747;26725;198875;93804;105071;39155;17091;22064;4223;1465;2758
"Levy County, Florida";40770;19903;20867;7956;4113;3843;22711;10949;11762;10103;4841;5262;889;401;488
"Liberty County, Florida";8457;5215;3242;1512;801;711;5716;3811;1905;1229;603;626;102;41;61
"Madison County, Florida";18529;9799;8730;3492;1828;1664;11239;6212;5027;3798;1759;2039;416;132;284
"Manatee County, Florida";394855;190647;204208;72121;36551;35570;214561;103889;110672;108173;50207;57966;14617;6337;8280
"Marion County, Florida";359977;172642;187335;66922;34173;32749;188877;90426;98451;104178;48043;56135;11649;5038;6611
"Martin County, Florida";160912;79518;81394;26388;13457;12931;84834;43094;41740;49690;22967;26723;8058;3498;4560
"Miami-Dade County, Florida";2761581;1340718;1420863;558250;283994;274256;1755219;870416;884803;448112;186308;261804;64317;22311;42006
"Monroe County, Florida";75027;39005;36022;11361;5769;5592;46400;24238;22162;17266;8998;8268;1723;797;926
"Nassau County, Florida";85832;42254;43578;16943;8717;8226;49847;24449;25398;19042;9088;9954;1756;753;1003
"Okaloosa County, Florida";207269;104997;102272;46083;23487;22596;127997;66394;61603;33189;15116;18073;3614;1397;2217
"Okeechobee County, Florida";41537;22289;19248;8844;4661;4183;24475;13618;10857;8218;4010;4208;942;437;505
"Orange County, Florida";1380645;677345;703300;305917;156078;149839;909908;449158;460750;164820;72109;92711;19063;6785;12278
"Osceola County, Florida";367990;181463;186527;89835;46107;43728;229550;113764;115786;48605;21592;27013;4736;1800;2936
"Palm Beach County, Florida";1485941;720762;765179;283456;144656;138800;847219;418617;428602;355266;157489;197777;63211;26555;36656
"Pasco County, Florida";539630;262406;277224;109651;55952;53699;307874;150555;157319;122105;55899;66206;14844;6008;8836
"Pinellas County, Florida";975280;467828;507452;157672;80316;77356;575967;279993;295974;241641;107519;134122;36697;13822;22875
"Polk County, Florida";708009;346929;361080;156487;80214;76273;408380;200892;207488;143142;65823;77319;16058;6743;9315
"Putnam County, Florida";74163;36699;37464;15875;8188;7687;41084;20290;20794;17204;8221;8983;1857;776;1081
"St. Johns County, Florida";254261;124017;130244;55165;28120;27045;147616;71997;75619;51480;23900;27580;5574;2210;3364
"St. Lucie County, Florida";321128;156975;164153;63294;32915;30379;180331;88021;92310;77503;36039;41464;9805;4200;5605
"Santa Rosa County, Florida";179349;91404;87945;39352;20195;19157;111352;57790;53562;28645;13419;15226;2533;1015;1518
"Sarasota County, Florida";426718;203342;223376;60616;31149;29467;209593;100558;109035;156509;71635;84874;24207;10270;13937
"Seminole County, Florida";467832;226010;241822;98309;49761;48548;296990;145046;151944;72533;31203;41330;9435;3373;6062
"Sumter County, Florida";128754;64194;64560;9102;4618;4484;45506;24166;21340;74146;35410;38736;5574;2750;2824
"Suwannee County, Florida";44191;22743;21448;9409;4807;4602;25340;13505;11835;9442;4431;5011;1157;429;728
"Taylor County, Florida";21623;11798;9825;4357;2236;2121;12846;7477;5369;4420;2085;2335;429;180;249
"Union County, Florida";14940;9623;5317;2902;1492;1410;9801;6937;2864;2237;1194;1043;163;74;89
"Volusia County, Florida";547538;267217;280321;96836;49477;47359;316969;156625;160344;133733;61115;72618;16979;6658;10321
"Wakulla County, Florida";32461;17327;15134;6945;3572;3373;20430;11275;9155;5086;2480;2606;402;153;249
"Walton County, Florida";71375;36080;35295;14423;7300;7123;42275;21776;20499;14677;7004;7673;1340;562;778
"Washington County, Florida";24880;13350;11530;4955;2479;2476;15562;8842;6720;4363;2029;2334;369;159;210
"Appling County, Georgia";18507;9240;9267;4574;2316;2258;10744;5468;5276;3189;1456;1733;327;105;222
"Atkinson County, Georgia";8297;4188;4109;2183;1108;1075;4947;2515;2432;1167;565;602;88;42;46
"Bacon County, Georgia";11185;5468;5717;2850;1409;1441;6541;3287;3254;1794;772;1022;155;40;115
"Baker County, Georgia";3092;1529;1563;598;296;302;1798;909;889;696;324;372;97;40;57
"Baldwin County, Georgia";44823;22742;22081;8411;4286;4125;29235;15094;14141;7177;3362;3815;735;326;409
"Banks County, Georgia";18988;9645;9343;4238;2251;1987;11429;5838;5591;3321;1556;1765;242;107;135
"Barrow County, Georgia";80809;39597;41212;20962;10661;10301;49789;24590;25199;10058;4346;5712;943;304;639
"Bartow County, Georgia";106408;52478;53930;25682;13140;12542;65810;32662;33148;14916;6676;8240;1377;485;892
"Ben Hill County, Georgia";16787;7965;8822;4140;2072;2068;9708;4700;5008;2939;1193;1746;298;100;198
"Berrien County, Georgia";19252;9454;9798;4665;2349;2316;11295;5610;5685;3292;1495;1797;358;132;226
"Bibb County, Georgia";153095;71847;81248;37623;19230;18393;91596;42818;48778;23876;9799;14077;2871;880;1991
"Bleckley County, Georgia";12838;6124;6714;2620;1368;1252;8055;3833;4222;2163;923;1240;306;101;205
"Brantley County, Georgia";18897;9312;9585;4437;2286;2151;11320;5597;5723;3140;1429;1711;273;105;168
"Brooks County, Georgia";15513;7569;7944;3380;1744;1636;9057;4461;4596;3076;1364;1712;248;103;145
"Bryan County, Georgia";38109;18795;19314;11160;5726;5434;22899;11236;11663;4050;1833;2217;374;132;242
"Bulloch County, Georgia";77296;37919;39377;15446;7755;7691;52990;26209;26781;8860;3955;4905;837;309;528
"Burke County, Georgia";22423;10682;11741;5842;2950;2892;13084;6223;6861;3497;1509;1988;324;115;209
"Butts County, Georgia";24193;12774;11419;5031;2493;2538;15400;8682;6718;3762;1599;2163;397;97;300
"Calhoun County, Georgia";6352;3830;2522;1111;561;550;4246;2832;1414;995;437;558;156;24;132
"Camden County, Georgia";53677;27469;26208;13088;6717;6371;33270;17368;15902;7319;3384;3935;550;223;327
"Candler County, Georgia";10836;5313;5523;2710;1393;1317;6174;3010;3164;1952;910;1042;174;54;120
"Carroll County, Georgia";118121;57613;60508;28076;14469;13607;73965;36101;37864;16080;7043;9037;1461;447;1014
"Catoosa County, Georgia";67420;32610;34810;15433;7984;7449;40033;19519;20514;11954;5107;6847;1201;419;782
"Charlton County, Georgia";12968;7436;5532;2492;1212;1280;8404;5229;3175;2072;995;1077;228;95;133
"Chatham County, Georgia";289195;138978;150217;61279;31140;30139;183438;88656;94782;44478;19182;25296;5239;1794;3445
"Chattahoochee County, Georgia";10684;6843;3841;2337;1226;1111;7831;5382;2449;516;235;281;59;20;39
"Chattooga County, Georgia";24790;12680;12110;5555;2868;2687;14881;7872;7009;4354;1940;2414;518;162;356
"Cherokee County, Georgia";254149;125168;128981;62093;31940;30153;156676;77392;79284;35380;15836;19544;2706;921;1785
"Clarke County, Georgia";127330;60322;67008;21989;11147;10842;91382;43387;47995;13959;5788;8171;1587;499;1088
"Clay County, Georgia";2887;1362;1525;588;301;287;1525;715;810;774;346;428;82;25;57
"Clayton County, Georgia";289615;135554;154061;80559;40804;39755;182059;83369;98690;26997;11381;15616;1894;633;1261
"Clinch County, Georgia";6648;3232;3416;1693;877;816;3878;1869;2009;1077;486;591;80;38;42
"Cobb County, Georgia";756865;366600;390265;178546;90237;88309;485542;235805;249737;92777;40558;52219;8948;3063;5885
"Coffee County, Georgia";43093;22140;20953;10534;5383;5151;26629;14181;12448;5930;2576;3354;549;194;355
"Colquitt County, Georgia";45592;22585;23007;11917;6146;5771;26621;13380;13241;7054;3059;3995;770;210;560
"Columbia County, Georgia";154291;75273;79018;39147;19799;19348;94311;46073;48238;20833;9401;11432;2025;667;1358
"Cook County, Georgia";17162;8268;8894;4301;2189;2112;10022;4811;5211;2839;1268;1571;266;79;187
"Coweta County, Georgia";145864;70983;74881;35765;18047;17718;89857;43830;46027;20242;9106;11136;1679;605;1074
"Crawford County, Georgia";12318;6214;6104;2537;1303;1234;7465;3860;3605;2316;1051;1265;156;56;100
"Crisp County, Georgia";22601;10687;11914;5464;2768;2696;12920;6059;6861;4217;1860;2357;520;172;348
"Dade County, Georgia";16226;7971;8255;3119;1581;1538;9975;4971;5004;3132;1419;1713;316;118;198
"Dawson County, Georgia";25083;12400;12683;5186;2650;2536;14852;7367;7485;5045;2383;2662;336;143;193
"Decatur County, Georgia";26575;12857;13718;6505;3272;3233;15763;7767;7996;4307;1818;2489;492;145;347
"DeKalb County, Georgia";756558;357770;398788;174942;88769;86173;487496;230365;257131;94120;38636;55484;10321;3341;6980
"Dodge County, Georgia";20705;10787;9918;4012;2042;1970;12956;7103;5853;3737;1642;2095;393;130;263
"Dooly County, Georgia";13706;7451;6255;2356;1156;1200;8592;5014;3578;2758;1281;1477;284;101;183
"Dougherty County, Georgia";91243;41868;49375;21222;10817;10405;55994;25299;30695;14027;5752;8275;1710;536;1174
"Douglas County, Georgia";145331;69035;76296;37605;19140;18465;90952;42721;48231;16774;7174;9600;1333;442;891
"Early County, Georgia";10247;4782;5465;2573;1310;1263;5726;2659;3067;1948;813;1135;239;63;176
"Echols County, Georgia";4000;2067;1933;1066;556;510;2413;1282;1131;521;229;292;60;31;29
"Effingham County, Georgia";62190;30999;31191;16464;8522;7942;38504;19210;19294;7222;3267;3955;602;203;399
"Elbert County, Georgia";19120;9147;9973;4113;2074;2039;11008;5341;5667;3999;1732;2267;466;143;323
"Emanuel County, Georgia";22612;11130;11482;5584;2817;2767;13385;6773;6612;3643;1540;2103;370;111;259
"Evans County, Georgia";10721;5216;5505;2870;1471;1399;6133;2979;3154;1718;766;952;188;71;117
"Fannin County, Georgia";25964;12610;13354;4310;2189;2121;13991;6735;7256;7663;3686;3977;730;288;442
"Fayette County, Georgia";113459;55009;58450;26093;13350;12743;66730;32276;34454;20636;9383;11253;2079;688;1391
"Floyd County, Georgia";97927;47307;50620;22702;11563;11139;58835;28651;30184;16390;7093;9297;1913;635;1278
"Forsyth County, Georgia";236612;117339;119273;64808;33165;31643;143383;71504;71879;28421;12670;15751;2386;893;1493
"Franklin County, Georgia";23023;11292;11731;5006;2562;2444;13641;6839;6802;4376;1891;2485;468;147;321
"Fulton County, Georgia";1050114;508527;541587;229407;116526;112881;697977;340582;357395;122730;51419;71311;14296;4617;9679
"Gilmer County, Georgia";30816;15437;15379;5906;2964;2942;17259;8747;8512;7651;3726;3925;641;225;416
"Glascock County, Georgia";2995;1484;1511;651;358;293;1806;898;908;538;228;310;84;21;63
"Glynn County, Georgia";85219;40136;45083;18521;9355;9166;49451;23268;26183;17247;7513;9734;1774;595;1179
"Gordon County, Georgia";57685;28429;29256;14047;7263;6784;35078;17384;17694;8560;3782;4778;825;286;539
"Grady County, Georgia";24748;11931;12817;6137;3121;3016;14099;6808;7291;4512;2002;2510;469;170;299
"Greene County, Georgia";17698;8521;9177;3302;1682;1620;9254;4369;4885;5142;2470;2672;411;128;283
"Gwinnett County, Georgia";927781;452986;474795;249129;126337;122792;585388;285678;299710;93264;40971;52293;8037;2829;5208
"Habersham County, Georgia";45388;21450;23938;10191;5139;5052;26959;12525;14434;8238;3786;4452;818;308;510
"Hall County, Georgia";202148;100538;101610;51265;26417;24848;120777;60556;60221;30106;13565;16541;3165;1218;1947
"Hancock County, Georgia";8348;4593;3755;1294;686;608;5106;2998;2108;1948;909;1039;243;66;177
"Haralson County, Georgia";29533;14335;15198;7095;3512;3583;17665;8763;8902;4773;2060;2713;457;161;296
"Harris County, Georgia";34475;17245;17230;7334;3792;3542;20665;10370;10295;6476;3083;3393;574;182;392
"Hart County, Georgia";26099;12929;13170;5471;2868;2603;14989;7518;7471;5639;2543;3096;583;220;363
"Heard County, Georgia";11879;5916;5963;2694;1407;1287;7111;3537;3574;2074;972;1102;201;74;127
"Henry County, Georgia";230220;109748;120472;58952;30034;28918;144452;67950;76502;26816;11764;15052;2082;748;1334
"Houston County, Georgia";155469;75339;80130;39714;20315;19399;95993;46436;49557;19762;8588;11174;1909;668;1241
"Irwin County, Georgia";9398;4889;4509;1989;1024;965;5723;3137;2586;1686;728;958;240;67;173
"Jackson County, Georgia";70422;34706;35716;17895;9084;8811;42371;21131;21240;10156;4491;5665;832;267;565
"Jasper County, Georgia";14040;6866;7174;3340;1721;1619;8246;4044;4202;2454;1101;1353;233;82;151
"Jeff Davis County, Georgia";15029;7408;7621;3989;2060;1929;8673;4278;4395;2367;1070;1297;182;71;111
"Jefferson County, Georgia";15430;7447;7983;3626;1844;1782;8985;4434;4551;2819;1169;1650;292;104;188
"Jenkins County, Georgia";8683;4658;4025;1762;922;840;5463;3131;2332;1458;605;853;155;40;115
"Johnson County, Georgia";9708;5441;4267;1826;903;923;6058;3687;2371;1824;851;973;244;83;161
"Jones County, Georgia";28616;13847;14769;6628;3386;3242;16940;8240;8700;5048;2221;2827;460;152;308
"Lamar County, Georgia";19000;9150;9850;3913;2008;1905;11864;5705;6159;3223;1437;1786;328;125;203
"Lanier County, Georgia";10340;5226;5114;2478;1263;1215;6406;3272;3134;1456;691;765;125;58;67
"Laurens County, Georgia";47325;22395;24930;11713;5924;5789;27253;12989;14264;8359;3482;4877;1039;293;746
"Lee County, Georgia";29764;14924;14840;7765;4040;3725;18248;9135;9113;3751;1749;2002;296;80;216
"Liberty County, Georgia";61497;31168;30329;17244;8800;8444;38564;19838;18726;5689;2530;3159;394;139;255
"Lincoln County, Georgia";7915;3836;4079;1511;763;748;4519;2208;2311;1885;865;1020;186;74;112
"Long County, Georgia";18998;9583;9415;5141;2578;2563;12026;6150;5876;1831;855;976;207;75;132
"Lowndes County, Georgia";116321;56320;60001;27869;14127;13742;74086;36157;37929;14366;6036;8330;1487;477;1010
"Lumpkin County, Georgia";32955;16335;16620;5798;2998;2800;21371;10643;10728;5786;2694;3092;494;186;308
"McDuffie County, Georgia";21531;10081;11450;5400;2694;2706;12354;5826;6528;3777;1561;2216;327;92;235
"McIntosh County, Georgia";14340;7001;7339;2316;1195;1121;8196;3998;4198;3828;1808;2020;367;162;205
"Macon County, Georgia";13143;7203;5940;2462;1219;1243;8411;4949;3462;2270;1035;1235;190;73;117
"Madison County, Georgia";29650;14661;14989;6837;3571;3266;17781;8726;9055;5032;2364;2668;441;165;276
"Marion County, Georgia";8351;4112;4239;1775;868;907;4905;2459;2446;1671;785;886;129;57;72
"Meriwether County, Georgia";21068;10085;10983;4488;2266;2222;12290;5972;6318;4290;1847;2443;481;143;338
"Miller County, Georgia";5686;2725;2961;1294;673;621;3128;1512;1616;1264;540;724;192;67;125
"Mitchell County, Georgia";22192;11510;10682;5034;2614;2420;13544;7391;6153;3614;1505;2109;395;119;276
"Monroe County, Georgia";27520;13723;13797;5633;2890;2743;16784;8486;8298;5103;2347;2756;595;168;427
"Montgomery County, Georgia";9193;4727;4466;1849;934;915;5769;3100;2669;1575;693;882;113;43;70
"Morgan County, Georgia";18853;9068;9785;4295;2178;2117;10779;5198;5581;3779;1692;2087;374;143;231
"Murray County, Georgia";39921;19623;20298;9891;5049;4842;24099;11938;12161;5931;2636;3295;479;176;303
"Muscogee County, Georgia";194160;94349;99811;48112;24533;23579;120044;59252;60792;26004;10564;15440;3209;991;2218
"Newton County, Georgia";109541;51731;57810;28413;14520;13893;66867;31141;35726;14261;6070;8191;1336;401;935
"Oconee County, Georgia";39272;19271;20001;10505;5380;5125;22812;11095;11717;5955;2796;3159;600;238;362
"Oglethorpe County, Georgia";15054;7439;7615;3148;1608;1540;9068;4536;4532;2838;1295;1543;290;96;194
"Paulding County, Georgia";164044;79857;84187;42844;21666;21178;103806;50735;53071;17394;7456;9938;1342;429;913
"Peach County, Georgia";27297;13158;14139;5700;2893;2807;17230;8371;8859;4367;1894;2473;401;151;250
"Pickens County, Georgia";31980;15696;16284;6500;3312;3188;18476;9078;9398;7004;3306;3698;559;214;345
"Pierce County, Georgia";19389;9586;9803;4807;2477;2330;11280;5617;5663;3302;1492;1810;304;111;193
"Pike County, Georgia";18634;9164;9470;4359;2259;2100;11306;5543;5763;2969;1362;1607;280;82;198
"Polk County, Georgia";42470;20992;21478;10778;5489;5289;25117;12618;12499;6575;2885;3690;654;220;434
"Pulaski County, Georgia";11069;4774;6295;2025;1029;996;6541;2630;3911;2503;1115;1388;270;86;184
"Putnam County, Georgia";21809;10643;11166;4348;2176;2172;12215;5934;6281;5246;2533;2713;436;186;250
"Quitman County, Georgia";2279;1090;1189;405;195;210;1163;569;594;711;326;385;74;32;42
"Rabun County, Georgia";16867;8295;8572;2858;1441;1417;9346;4679;4667;4663;2175;2488;446;164;282
"Randolph County, Georgia";6833;3157;3676;1387;713;674;3814;1769;2045;1632;675;957;275;73;202
"Richmond County, Georgia";201554;97624;103930;46063;23716;22347;127149;62066;65083;28342;11842;16500;3015;990;2025
"Rockdale County, Georgia";90594;42596;47998;22370;11265;11105;55165;25602;29563;13059;5729;7330;1250;459;791
"Schley County, Georgia";5236;2484;2752;1309;664;645;3030;1416;1614;897;404;493;88;29;59
"Screven County, Georgia";13938;6902;7036;2935;1610;1325;8381;4116;4265;2622;1176;1446;254;93;161
"Seminole County, Georgia";8315;3981;4334;1728;873;855;4669;2225;2444;1918;883;1035;249;83;166
"Spalding County, Georgia";66100;31749;34351;15558;7915;7643;38739;18737;20002;11803;5097;6706;1186;397;789
"Stephens County, Georgia";26035;12508;13527;5787;2922;2865;15196;7290;7906;5052;2296;2756;437;151;286
"Stewart County, Georgia";6199;4094;2105;749;390;359;4486;3293;1193;964;411;553;154;61;93
"Sumter County, Georgia";29733;13967;15766;6728;3344;3384;18026;8517;9509;4979;2106;2873;531;171;360
"Talbot County, Georgia";6272;3002;3270;1016;502;514;3727;1793;1934;1529;707;822;134;41;93
"Taliaferro County, Georgia";1608;796;812;272;138;134;913;474;439;423;184;239;69;12;57
"Tattnall County, Georgia";25391;14640;10751;5146;2674;2472;16616;10381;6235;3629;1585;2044;329;95;234
"Taylor County, Georgia";8039;3842;4197;1632;817;815;4781;2336;2445;1626;689;937;176;61;115
"Telfair County, Georgia";15876;9284;6592;2537;1277;1260;10466;6749;3717;2873;1258;1615;428;137;291
"Terrell County, Georgia";8611;4122;4489;1987;1003;984;4916;2410;2506;1708;709;999;179;51;128
"Thomas County, Georgia";44448;21047;23401;10534;5373;5161;25783;12227;13556;8131;3447;4684;885;303;582
"Tift County, Georgia";40571;19622;20949;10020;5133;4887;24514;11952;12562;6037;2537;3500;688;208;480
"Toombs County, Georgia";26887;12781;14106;7113;3661;3452;15375;7293;8082;4399;1827;2572;498;138;360
"Towns County, Georgia";11852;5658;6194;1507;771;736;6252;3017;3235;4093;1870;2223;473;189;284
"Treutlen County, Georgia";6809;3386;3423;1543;734;809;4011;2123;1888;1255;529;726;156;50;106
"Troup County, Georgia";70034;33785;36249;16957;8742;8215;42683;20600;22083;10394;4443;5951;1277;387;890
"Turner County, Georgia";7912;3844;4068;1912;951;961;4428;2237;2191;1572;656;916;196;59;137
"Twiggs County, Georgia";8188;4017;4171;1583;785;798;4743;2388;2355;1862;844;1018;133;45;88
"Union County, Georgia";24001;11619;12382;3805;1929;1876;12273;5952;6321;7923;3738;4185;801;311;490
"Upson County, Georgia";26215;12447;13768;5823;2890;2933;15549;7457;8092;4843;2100;2743;520;170;350
"Walker County, Georgia";69410;34154;35256;15094;7816;7278;41440;20719;20721;12876;5619;7257;1472;517;955
"Walton County, Georgia";93503;45507;47996;23085;11820;11265;55930;27217;28713;14488;6470;8018;1453;483;970
"Ware County, Georgia";35680;17853;17827;8564;4410;4154;20949;10903;10046;6167;2540;3627;851;248;603
"Warren County, Georgia";5251;2488;2763;1065;517;548;2995;1463;1532;1191;508;683;154;40;114
"Washington County, Georgia";20386;10399;9987;4398;2273;2125;12448;6669;5779;3540;1457;2083;439;112;327
"Wayne County, Georgia";29808;15284;14524;7274;3744;3530;17812;9374;8438;4722;2166;2556;467;197;270
"Webster County, Georgia";2611;1303;1308;508;250;258;1486;736;750;617;317;300;93;48;45
"Wheeler County, Georgia";7879;5095;2784;1342;681;661;5385;3876;1509;1152;538;614;142;46;96
"White County, Georgia";29970;14619;15351;5931;3001;2930;17149;8461;8688;6890;3157;3733;636;261;375
"Whitfield County, Georgia";104062;51848;52214;26870;13714;13156;62572;31592;30980;14620;6542;8078;1641;552;1089
"Wilcox County, Georgia";8812;5264;3548;1673;896;777;5548;3631;1917;1591;737;854;204;64;140
"Wilkes County, Georgia";9876;4741;5135;2088;1084;1004;5506;2682;2824;2282;975;1307;305;94;211
"Wilkinson County, Georgia";9036;4323;4713;2053;1033;1020;5232;2552;2680;1751;738;1013;192;61;131
"Worth County, Georgia";20299;9752;10547;4540;2284;2256;11887;5773;6114;3872;1695;2177;372;113;259
"Hawaii County, Hawaii";200983;99602;101381;43553;22228;21325;115398;56924;58474;42032;20450;21582;5070;1896;3174
"Honolulu County, Hawaii";980080;492574;487506;207765;106542;101223;598522;309334;289188;173793;76698;97095;30152;10681;19471
"Kalawao County, Hawaii";88;41;47;0;0;0;51;30;21;37;11;26;14;3;11
"Kauai County, Hawaii";72133;35607;36526;15749;8073;7676;41845;20837;21008;14539;6697;7842;2033;696;1337
"Maui County, Hawaii";167207;83178;84029;36347;18704;17643;100294;50092;50202;30566;14382;16184;3775;1384;2391
"Ada County, Idaho";469966;235266;234700;111737;56829;54908;290437;147331;143106;67792;31106;36686;7189;2731;4458
"Adams County, Idaho";4250;2211;2039;754;413;341;2275;1142;1133;1221;656;565;100;40;60
"Bannock County, Idaho";87138;43328;43810;22849;11573;11276;51889;25944;25945;12400;5811;6589;1316;509;807
"Bear Lake County, Idaho";6050;3017;3033;1617;809;808;3185;1611;1574;1248;597;651;150;72;78
"Benewah County, Idaho";9226;4718;4508;2084;1091;993;5069;2560;2509;2073;1067;1006;158;72;86
"Bingham County, Idaho";46236;23036;23200;14233;7200;7033;25408;12696;12712;6595;3140;3455;734;300;434
"Blaine County, Idaho";22601;11456;11145;4990;2590;2400;13176;6661;6515;4435;2205;2230;334;151;183
"Boise County, Idaho";7634;3975;3659;1291;712;579;4424;2195;2229;1919;1068;851;130;64;66
"Bonner County, Idaho";44727;22306;22421;8813;4417;4396;24941;12326;12615;10973;5563;5410;972;398;574
"Bonneville County, Idaho";116854;58375;58479;35940;18380;17560;65371;32808;32563;15543;7187;8356;1800;693;1107
"Boundary County, Idaho";11948;6005;5943;2761;1406;1355;6496;3237;3259;2691;1362;1329;274;101;173
"Butte County, Idaho";2611;1318;1293;626;310;316;1373;692;681;612;316;296;71;25;46
"Camas County, Idaho";1127;570;557;263;119;144;611;319;292;253;132;121;29;9;20
"Canyon County, Idaho";223499;110725;112774;63627;32358;31269;129110;64136;64974;30762;14231;16531;2998;1117;1881
"Caribou County, Idaho";7060;3610;3450;2020;1051;969;3806;1982;1824;1234;577;657;146;58;88
"Cassia County, Idaho";23864;12155;11709;7572;3914;3658;12901;6665;6236;3391;1576;1815;417;140;277
"Clark County, Idaho";852;432;420;198;95;103;503;258;245;151;79;72;19;11;8
"Clearwater County, Idaho";8758;4818;3940;1457;817;640;4912;2738;2174;2389;1263;1126;259;101;158
"Custer County, Idaho";4280;2196;2084;743;377;366;2294;1172;1122;1243;647;596;112;47;65
"Elmore County, Idaho";27259;14290;12969;6954;3589;3365;16631;8926;7705;3674;1775;1899;345;146;199
"Franklin County, Idaho";13726;7022;6704;4380;2302;2078;7403;3758;3645;1943;962;981;239;97;142
"Fremont County, Idaho";13168;6888;6280;3390;1750;1640;7565;4026;3539;2213;1112;1101;220;102;118
"Gem County, Idaho";17634;8813;8821;4029;2112;1917;9742;4804;4938;3863;1897;1966;394;161;233
"Gooding County, Idaho";15196;7736;7460;4174;2106;2068;8395;4348;4047;2627;1282;1345;362;159;203
"Idaho County, Idaho";16513;8664;7849;3259;1697;1562;8648;4553;4095;4606;2414;2192;500;234;266
"Jefferson County, Idaho";29439;14952;14487;10040;5081;4959;16014;8222;7792;3385;1649;1736;342;133;209
"Jerome County, Idaho";24015;12241;11774;7394;3702;3692;13504;7054;6450;3117;1485;1632;304;119;185
"Kootenai County, Idaho";161505;79774;81731;36824;18991;17833;94011;46479;47532;30670;14304;16366;3127;1203;1924
"Latah County, Idaho";40134;20398;19736;7624;3821;3803;27104;13986;13118;5406;2591;2815;612;224;388
"Lemhi County, Idaho";7961;4030;3931;1488;781;707;4064;2010;2054;2409;1239;1170;278;124;154
"Lewis County, Idaho";3861;1963;1898;874;466;408;1969;977;992;1018;520;498;118;51;67
"Lincoln County, Idaho";5360;2780;2580;1549;804;745;3053;1582;1471;758;394;364;91;46;45
"Madison County, Idaho";39304;19890;19414;10565;5381;5184;26001;13236;12765;2738;1273;1465;296;116;180
"Minidoka County, Idaho";20825;10433;10392;5905;2970;2935;11533;5869;5664;3387;1594;1793;465;182;283
"Nez Perce County, Idaho";40408;19961;20447;8568;4393;4175;23779;11871;11908;8061;3697;4364;1155;451;704
"Oneida County, Idaho";4488;2254;2234;1269;654;615;2307;1166;1141;912;434;478;131;49;82
"Owyhee County, Idaho";11693;5965;5728;3040;1545;1495;6571;3372;3199;2082;1048;1034;209;95;114
"Payette County, Idaho";23551;11755;11796;6171;3193;2978;13049;6483;6566;4331;2079;2252;432;203;229
"Power County, Idaho";7768;3952;3816;2427;1233;1194;4142;2137;2005;1199;582;617;129;56;73
"Shoshone County, Idaho";12796;6422;6374;2630;1338;1292;7243;3659;3584;2923;1425;1498;293;98;195
"Teton County, Idaho";11640;6111;5529;2863;1471;1392;7320;3864;3456;1457;776;681;116;51;65
"Twin Falls County, Idaho";86081;42488;43593;23677;11984;11693;49152;24517;24635;13252;5987;7265;1591;572;1019
"Valley County, Idaho";11041;5720;5321;2000;1027;973;6269;3201;3068;2772;1492;1280;196;93;103
"Washington County, Idaho";10161;5058;5103;2303;1147;1156;5304;2629;2675;2554;1282;1272;266;102;164
"Adams County, Illinois";65691;32308;33383;14779;7627;7152;37622;18692;18930;13290;5989;7301;2351;924;1427
"Alexander County, Illinois";6060;2932;3128;1398;692;706;3334;1642;1692;1328;598;730;168;56;112
"Bond County, Illinois";16630;8645;7985;3234;1652;1582;10310;5613;4697;3086;1380;1706;434;135;299
"Boone County, Illinois";53577;26785;26792;13283;6842;6441;31810;16037;15773;8484;3906;4578;919;323;596
"Brown County, Illinois";6556;4245;2311;1041;541;500;4602;3281;1321;913;423;490;131;55;76
"Bureau County, Illinois";32993;16199;16794;7078;3588;3490;18684;9364;9320;7231;3247;3984;1134;384;750
"Calhoun County, Illinois";4802;2393;2409;991;495;496;2690;1376;1314;1121;522;599;144;45;99
"Carroll County, Illinois";14312;7137;7175;2773;1413;1360;7888;3994;3894;3651;1730;1921;503;185;318
"Cass County, Illinois";12260;6192;6068;2918;1557;1361;7154;3667;3487;2188;968;1220;314;104;210
"Champaign County, Illinois";209983;104634;105349;39434;20113;19321;143619;72570;71049;26930;11951;14979;3724;1326;2398
"Christian County, Illinois";32661;16620;16041;6610;3379;3231;19540;10409;9131;6511;2832;3679;985;323;662
"Clark County, Illinois";15596;7745;7851;3540;1864;1676;8959;4529;4430;3097;1352;1745;441;119;322
"Clay County, Illinois";13253;6564;6689;3040;1562;1478;7520;3798;3722;2693;1204;1489;365;123;242
"Clinton County, Illinois";37639;19499;18140;7952;4125;3827;23204;12446;10758;6483;2928;3555;962;340;622
"Coles County, Illinois";50885;24678;26207;9202;4748;4454;33074;16205;16869;8609;3725;4884;1238;393;845
"Cook County, Illinois";5180493;2516081;2664412;1129672;574777;554895;3292654;1621114;1671540;758167;320190;437977;104366;34606;69760
"Crawford County, Illinois";18807;9832;8975;3741;1868;1873;11509;6404;5105;3557;1560;1997;479;150;329
"Cumberland County, Illinois";10808;5376;5432;2396;1225;1171;6295;3188;3107;2117;963;1154;309;103;206
"DeKalb County, Illinois";104143;51577;52566;22292;11336;10956;68679;34343;34336;13172;5898;7274;1663;578;1085
"De Witt County, Illinois";15769;7804;7965;3368;1696;1672;9370;4769;4601;3031;1339;1692;374;134;240
"Douglas County, Illinois";19479;9620;9859;4848;2470;2378;11107;5575;5532;3524;1575;1949;489;178;311
"DuPage County, Illinois";928589;456211;472378;210552;107682;102870;574099;284868;289231;143938;63661;80277;18706;6120;12586
"Edgar County, Illinois";17360;8510;8850;3540;1804;1736;10043;5055;4988;3777;1651;2126;538;179;359
"Edwards County, Illinois";6392;3149;3243;1433;735;698;3584;1822;1762;1375;592;783;196;65;131
"Effingham County, Illinois";34208;17043;17165;8104;4126;3978;20061;10263;9798;6043;2654;3389;837;275;562
"Fayette County, Illinois";21416;11304;10112;4517;2314;2203;12833;7137;5696;4066;1853;2213;569;216;353
"Ford County, Illinois";13264;6556;6708;3037;1589;1448;7740;3897;3843;2487;1070;1417;458;119;339
"Franklin County, Illinois";38701;19092;19609;8612;4521;4091;22157;11052;11105;7932;3519;4413;951;317;634
"Fulton County, Illinois";34844;18133;16711;6892;3492;3400;20765;11418;9347;7187;3223;3964;1048;359;689
"Gallatin County, Illinois";5058;2470;2588;1054;533;521;2826;1412;1414;1178;525;653;99;34;65
"Greene County, Illinois";13044;6566;6478;2774;1408;1366;7719;4019;3700;2551;1139;1412;333;129;204
"Grundy County, Illinois";50972;25422;25550;12902;6672;6230;30897;15501;15396;7173;3249;3924;791;245;546
"Hamilton County, Illinois";8163;3992;4171;1794;897;897;4586;2309;2277;1783;786;997;241;53;188
"Hancock County, Illinois";17844;8850;8994;3734;1915;1819;9976;5087;4889;4134;1848;2286;592;204;388
"Hardin County, Illinois";3910;1984;1926;710;365;345;2195;1113;1082;1005;506;499;101;52;49
"Henderson County, Illinois";6709;3276;3433;1215;612;603;3808;1895;1913;1686;769;917;241;77;164
"Henry County, Illinois";49090;24469;24621;10977;5732;5245;28132;14176;13956;9981;4561;5420;1344;465;879
"Iroquois County, Illinois";27604;13561;14043;5964;3014;2950;15688;7853;7835;5952;2694;3258;885;303;582
"Jackson County, Illinois";57419;28550;28869;10473;5374;5099;37929;19202;18727;9017;3974;5043;1321;445;876
"Jasper County, Illinois";9611;4808;4803;2210;1129;1081;5539;2804;2735;1862;875;987;283;110;173
"Jefferson County, Illinois";37820;19447;18373;8372;4274;4098;22209;11885;10324;7239;3288;3951;953;314;639
"Jersey County, Illinois";21847;10677;11170;4455;2232;2223;13132;6530;6602;4260;1915;2345;550;188;362
"Jo Daviess County, Illinois";21366;10692;10674;4017;2106;1911;11345;5722;5623;6004;2864;3140;692;253;439
"Johnson County, Illinois";12456;6797;5659;2303;1176;1127;7477;4320;3157;2676;1301;1375;283;113;170
"Kane County, Illinois";534216;266050;268166;136009;69492;66517;325198;163746;161452;73009;32812;40197;8198;2872;5326
"Kankakee County, Illinois";110024;54154;55870;25023;12764;12259;66451;32971;33480;18550;8419;10131;2655;1096;1559
"Kendall County, Illinois";127915;63410;64505;36412;18693;17719;78381;38923;39458;13122;5794;7328;1304;450;854
"Knox County, Illinois";50112;25273;24839;9837;5060;4777;29455;15390;14065;10820;4823;5997;1551;534;1017
"Lake County, Illinois";700832;350273;350559;168886;86216;82670;432136;218761;213375;99810;45296;54514;12651;4553;8098
"LaSalle County, Illinois";109430;55226;54204;23563;12047;11516;65150;33820;31330;20717;9359;11358;3052;1038;2014
"Lawrence County, Illinois";15765;8836;6929;2946;1531;1415;10071;6115;3956;2748;1190;1558;387;130;257
"Lee County, Illinois";34223;18173;16050;6740;3418;3322;20775;11608;9167;6708;3147;3561;941;330;611
"Livingston County, Illinois";35761;17935;17826;7672;4015;3657;21221;10878;10343;6868;3042;3826;1151;379;772
"Logan County, Illinois";28925;14685;14240;5599;2880;2719;18041;9533;8508;5285;2272;3013;832;273;559
"McDonough County, Illinois";29955;14674;15281;5116;2573;2543;19555;9783;9772;5284;2318;2966;855;248;607
"McHenry County, Illinois";308570;153614;154956;72396;37045;35351;191150;96103;95047;45024;20466;24558;4676;1637;3039
"McLean County, Illinois";172828;83968;88860;37136;18771;18365;112832;55072;57760;22860;10125;12735;3054;1030;2024
"Macon County, Illinois";104712;50158;54554;23150;11864;11286;60602;29121;31481;20960;9173;11787;3166;1050;2116
"Macoupin County, Illinois";45313;22409;22904;9644;5021;4623;26663;13352;13311;9006;4036;4970;1247;433;814
"Madison County, Illinois";264461;128768;135693;57756;29727;28029;161220;79431;81789;45485;19610;25875;6157;2001;4156
"Marion County, Illinois";37620;18393;19227;8738;4442;4296;21474;10662;10812;7408;3289;4119;1066;379;687
"Marshall County, Illinois";11534;5725;5809;2301;1182;1119;6527;3312;3215;2706;1231;1475;405;148;257
"Mason County, Illinois";13565;6689;6876;2819;1389;1430;7735;3911;3824;3011;1389;1622;425;124;301
"Massac County, Illinois";14080;6743;7337;3108;1546;1562;8015;3909;4106;2957;1288;1669;499;174;325
"Menard County, Illinois";12288;5989;6299;2701;1355;1346;7209;3566;3643;2378;1068;1310;311;109;202
"Mercer County, Illinois";15601;7792;7809;3338;1661;1677;8883;4533;4350;3380;1598;1782;483;197;286
"Monroe County, Illinois";34335;17058;17277;7588;3891;3697;20647;10367;10280;6100;2800;3300;912;321;591
"Montgomery County, Illinois";28601;14983;13618;5739;2897;2842;17098;9509;7589;5764;2577;3187;941;304;637
"Morgan County, Illinois";33976;17247;16729;6408;3313;3095;20769;10969;9800;6799;2965;3834;1001;301;700
"Moultrie County, Illinois";14717;7204;7513;3739;1912;1827;8196;4079;4117;2782;1213;1569;472;142;330
"Ogle County, Illinois";50923;25292;25631;11420;5779;5641;29956;15119;14837;9547;4394;5153;1170;406;764
"Peoria County, Illinois";180621;87517;93104;42619;21904;20715;107186;52180;55006;30816;13433;17383;4274;1386;2888
"Perry County, Illinois";21174;11659;9515;4105;2094;2011;13124;7789;5335;3945;1776;2169;510;163;347
"Piatt County, Illinois";16396;8125;8271;3697;1889;1808;9525;4762;4763;3174;1474;1700;387;161;226
"Pike County, Illinois";15611;7829;7782;3486;1822;1664;8854;4540;4314;3271;1467;1804;486;142;344
"Pope County, Illinois";4212;2178;2034;511;292;219;2523;1299;1224;1178;587;591;146;56;90
"Pulaski County, Illinois";5463;2655;2808;1179;579;600;3060;1515;1545;1224;561;663;148;66;82
"Putnam County, Illinois";5740;2923;2817;1151;602;549;3291;1698;1593;1298;623;675;123;41;82
"Randolph County, Illinois";32106;17656;14450;6203;3150;3053;19931;11889;8042;5972;2617;3355;936;300;636
"Richland County, Illinois";15763;7799;7964;3668;1902;1766;8867;4466;4401;3228;1431;1797;561;184;377
"Rock Island County, Illinois";143477;70680;72797;31963;16409;15554;83842;42114;41728;27672;12157;15515;3791;1273;2518
"St. Clair County, Illinois";261059;125939;135120;61073;31369;29704;158725;76802;81923;41261;17768;23493;5593;1838;3755
"Saline County, Illinois";23906;11799;12107;5180;2766;2414;13881;6885;6996;4845;2148;2697;636;223;413
"Sangamon County, Illinois";195348;93741;101607;43347;22214;21133;117114;56671;60443;34887;14856;20031;4560;1421;3139
"Schuyler County, Illinois";6907;3624;3283;1255;618;637;4078;2258;1820;1574;748;826;211;73;138
"Scott County, Illinois";4926;2434;2492;1063;562;501;2884;1440;1444;979;432;547;134;42;92
"Shelby County, Illinois";21741;10815;10926;4642;2399;2243;12202;6145;6057;4897;2271;2626;701;257;444
"Stark County, Illinois";5427;2687;2740;1167;560;607;3050;1560;1490;1210;567;643;161;46;115
"Stephenson County, Illinois";44753;21756;22997;9559;4843;4716;25022;12409;12613;10172;4504;5668;1606;521;1085
"Tazewell County, Illinois";132328;65040;67288;29995;15177;14818;77502;38911;38591;24831;10952;13879;3591;1244;2347
"Union County, Illinois";16841;8439;8402;3540;1794;1746;9704;4961;4743;3597;1684;1913;430;156;274
"Vermilion County, Illinois";76806;38221;38585;18090;9281;8809;43860;22294;21566;14856;6646;8210;1933;709;1224
"Wabash County, Illinois";11549;5824;5725;2605;1394;1211;6557;3329;3228;2387;1101;1286;375;128;247
"Warren County, Illinois";17032;8397;8635;3734;1912;1822;9971;4996;4975;3327;1489;1838;427;127;300
"Washington County, Illinois";13995;6988;7007;2993;1489;1504;8187;4167;4020;2815;1332;1483;417;169;248
"Wayne County, Illinois";16332;8036;8296;3708;1847;1861;9107;4592;4515;3517;1597;1920;452;158;294
"White County, Illinois";13665;6732;6933;2988;1521;1467;7724;3894;3830;2953;1317;1636;452;164;288
"Whiteside County, Illinois";55626;27568;28058;12200;6307;5893;31826;16021;15805;11600;5240;6360;1716;583;1133
"Will County, Illinois";692310;343551;348759;172143;87894;84249;429761;215320;214441;90406;40337;50069;9809;3351;6458
"Williamson County, Illinois";67056;33319;33737;14649;7503;7146;39694;20178;19516;12713;5638;7075;1408;499;909
"Winnebago County, Illinois";284081;138635;145446;66490;33960;32530;167772;82600;85172;49819;22075;27744;6493;2202;4291
"Woodford County, Illinois";38463;19189;19274;9248;4861;4387;22255;11168;11087;6960;3160;3800;1140;382;758
"Adams County, Indiana";35636;17804;17832;11154;5768;5386;18958;9602;9356;5524;2434;3090;904;311;593
"Allen County, Indiana";375351;183463;191888;96407;49269;47138;224226;110263;113963;54718;23931;30787;7008;2279;4729
"Bartholomew County, Indiana";82753;41627;41126;19689;9976;9713;49577;25639;23938;13487;6012;7475;1626;559;1067
"Benton County, Indiana";8653;4296;4357;2145;1120;1025;4965;2493;2472;1543;683;860;206;62;144
"Blackford County, Indiana";11930;5889;6041;2597;1339;1258;6753;3419;3334;2580;1131;1449;301;97;204
"Boone County, Indiana";66999;33331;33668;17718;9243;8475;40327;20088;20239;8954;4000;4954;957;326;631
"Brown County, Indiana";15234;7507;7727;2732;1356;1376;8834;4382;4452;3668;1769;1899;319;120;199
"Carroll County, Indiana";20127;10117;10010;4451;2295;2156;11727;6009;5718;3949;1813;2136;445;151;294
"Cass County, Indiana";37955;18958;18997;8752;4491;4261;22450;11540;10910;6753;2927;3826;910;309;601
"Clark County, Indiana";117360;57274;60086;26376;13511;12865;72460;35853;36607;18524;7910;10614;1922;586;1336
"Clay County, Indiana";26170;12930;13240;6024;3057;2967;15471;7756;7715;4675;2117;2558;570;211;359
"Clinton County, Indiana";32250;16035;16215;8454;4346;4108;18417;9323;9094;5379;2366;3013;850;272;578
"Crawford County, Indiana";10558;5371;5187;2275;1139;1136;6222;3190;3032;2061;1042;1019;170;58;112
"Daviess County, Indiana";33147;16701;16446;9712;5003;4709;18355;9430;8925;5080;2268;2812;630;195;435
"Dearborn County, Indiana";49568;24649;24919;11062;5619;5443;29727;14930;14797;8779;4100;4679;890;310;580
"Decatur County, Indiana";26794;13306;13488;6555;3354;3201;15754;7956;7798;4485;1996;2489;566;195;371
"DeKalb County, Indiana";43226;21453;21773;10461;5285;5176;25746;13043;12703;7019;3125;3894;818;264;554
"Delaware County, Indiana";114772;55383;59389;21074;10767;10307;74026;36104;37922;19672;8512;11160;2655;935;1720
"Dubois County, Indiana";42565;21273;21292;10277;5294;4983;24858;12723;12135;7430;3256;4174;1029;323;706
"Elkhart County, Indiana";205560;101597;103963;56565;28731;27834;118713;59559;59154;30282;13307;16975;4041;1313;2728
"Fayette County, Indiana";23047;11381;11666;4974;2552;2422;13373;6673;6700;4700;2156;2544;602;234;368
"Floyd County, Indiana";77781;37782;39999;17609;9003;8606;47623;23329;24294;12549;5450;7099;1419;454;965
"Fountain County, Indiana";16351;8162;8189;3568;1920;1648;9501;4768;4733;3282;1474;1808;431;138;293
"Franklin County, Indiana";22736;11357;11379;5231;2659;2572;13318;6773;6545;4187;1925;2262;474;150;324
"Fulton County, Indiana";20092;10048;10044;4700;2417;2283;11472;5837;5635;3920;1794;2126;449;158;291
"Gibson County, Indiana";33452;16739;16713;7845;4072;3773;19731;10019;9712;5876;2648;3228;819;275;544
"Grant County, Indiana";65936;31558;34378;13607;6914;6693;39655;19115;20540;12674;5529;7145;1606;521;1085
"Greene County, Indiana";32006;16020;15986;7019;3579;3440;18739;9561;9178;6248;2880;3368;745;283;462
"Hamilton County, Indiana";330086;161345;168741;89053;45409;43644;200171;97785;102386;40862;18151;22711;4565;1610;2955
"Hancock County, Indiana";76351;37563;38788;17861;9105;8756;46085;22842;23243;12405;5616;6789;1294;477;817
"Harrison County, Indiana";40350;20163;20187;9092;4697;4395;24116;12160;11956;7142;3306;3836;794;291;503
"Hendricks County, Indiana";167009;83558;83451;41780;21525;20255;102088;51740;50348;23141;10293;12848;2436;867;1569
"Henry County, Indiana";48271;25099;23172;9877;5102;4775;29260;15924;13336;9134;4073;5061;1090;364;726
"Howard County, Indiana";82366;39983;42383;18680;9688;8992;47630;23284;24346;16056;7011;9045;1985;689;1296
"Huntington County, Indiana";36240;17873;18367;7812;3970;3842;22198;11176;11022;6230;2727;3503;835;256;579
"Jackson County, Indiana";44111;21987;22124;10835;5599;5236;26058;13197;12861;7218;3191;4027;859;284;575
"Jasper County, Indiana";33370;16601;16769;7744;3924;3820;19754;9985;9769;5872;2692;3180;614;222;392
"Jay County, Indiana";20764;10348;10416;5303;2757;2546;11750;5940;5810;3711;1651;2060;438;140;298
"Jefferson County, Indiana";32208;15497;16711;6564;3332;3232;19848;9533;10315;5796;2632;3164;641;209;432
"Jennings County, Indiana";27611;13837;13774;6361;3257;3104;16711;8525;8186;4539;2055;2484;392;137;255
"Johnson County, Indiana";156225;77105;79120;38713;19936;18777;94743;47170;47573;22769;9999;12770;2518;862;1656
"Knox County, Indiana";36895;18682;18213;7921;4067;3854;22392;11778;10614;6582;2837;3745;841;249;592
"Kosciusko County, Indiana";79344;39656;39688;18917;9650;9267;47153;23903;23250;13274;6103;7171;1519;526;993
"LaGrange County, Indiana";39330;19980;19350;12779;6665;6114;21188;10782;10406;5363;2533;2830;556;223;333
"Lake County, Indiana";484411;234475;249936;113194;57728;55466;291113;142109;149004;80104;34638;45466;10667;3682;6985
"LaPorte County, Indiana";110007;56694;53313;23561;12014;11547;66754;35881;30873;19692;8799;10893;2246;735;1511
"Lawrence County, Indiana";45668;22625;23043;9940;5128;4812;26586;13419;13167;9142;4078;5064;1114;353;761
"Madison County, Indiana";129641;64792;64849;28038;14547;13491;77889;39749;38140;23714;10496;13218;2833;991;1842
"Marion County, Indiana";954670;460093;494577;235211;120266;114945;599101;289138;309963;120358;50689;69669;15551;5002;10549
"Marshall County, Indiana";46248;23052;23196;11590;5916;5674;26397;13464;12933;8261;3672;4589;1158;375;783
"Martin County, Indiana";10217;5177;5040;2279;1203;1076;5910;3050;2860;2028;924;1104;215;89;126
"Miami County, Indiana";35567;19133;16434;7490;3861;3629;21788;12346;9442;6289;2926;3363;763;277;486
"Monroe County, Indiana";146917;73034;73883;22966;11869;11097;104702;52649;52053;19249;8516;10733;2483;885;1598
"Montgomery County, Indiana";38346;19448;18898;8783;4508;4275;22689;11864;10825;6874;3076;3798;882;318;564
"Morgan County, Indiana";70116;34819;35297;15846;8184;7662;42396;21285;21111;11874;5350;6524;1103;399;704
"Newton County, Indiana";14011;7073;6938;2954;1472;1482;8329;4352;3977;2728;1249;1479;311;98;213
"Noble County, Indiana";47532;23825;23707;11604;5912;5692;28303;14443;13860;7625;3470;4155;951;306;645
"Ohio County, Indiana";5844;2894;2950;1111;560;551;3442;1733;1709;1291;601;690;118;40;78
"Orange County, Indiana";19489;9719;9770;4425;2322;2103;11256;5680;5576;3808;1717;2091;419;147;272
"Owen County, Indiana";20845;10423;10422;4393;2199;2194;12433;6322;6111;4019;1902;2117;361;135;226
"Parke County, Indiana";16927;8000;8927;3647;1926;1721;9999;4511;5488;3281;1563;1718;337;125;212
"Perry County, Indiana";19102;10232;8870;4013;2053;1960;11499;6498;5001;3590;1681;1909;489;176;313
"Pike County, Indiana";12410;6187;6223;2728;1363;1365;7195;3652;3543;2487;1172;1315;277;90;187
"Porter County, Indiana";169594;83930;85664;37424;19301;18123;104367;51991;52376;27803;12638;15165;3124;1034;2090
"Posey County, Indiana";25540;12755;12785;5627;2907;2720;15114;7652;7462;4799;2196;2603;576;193;383
"Pulaski County, Indiana";12469;6357;6112;2779;1443;1336;7247;3743;3504;2443;1171;1272;301;112;189
"Putnam County, Indiana";37779;19840;17939;7400;3828;3572;24116;13154;10962;6263;2858;3405;771;300;471
"Randolph County, Indiana";24851;12202;12649;5658;2854;2804;14148;7119;7029;5045;2229;2816;711;238;473
"Ripley County, Indiana";28523;14128;14395;6755;3488;3267;16683;8300;8383;5085;2340;2745;657;216;441
"Rush County, Indiana";16663;8223;8440;3789;1928;1861;9818;4939;4879;3056;1356;1700;379;125;254
"St. Joseph County, Indiana";270771;131836;138935;64005;32802;31203;163983;80217;83766;42783;18817;23966;6298;2131;4167
"Scott County, Indiana";23878;11731;12147;5405;2693;2712;14498;7253;7245;3975;1785;2190;346;137;209
"Shelby County, Indiana";44593;22146;22447;10170;5240;4930;26779;13473;13306;7644;3433;4211;966;325;641
"Spencer County, Indiana";20327;10232;10095;4440;2266;2174;11955;6095;5860;3932;1871;2061;462;172;290
"Starke County, Indiana";22935;11437;11498;5229;2668;2561;13440;6738;6702;4266;2031;2235;345;145;200
"Steuben County, Indiana";34586;17560;17026;7119;3615;3504;20484;10658;9826;6983;3287;3696;688;227;461
"Sullivan County, Indiana";20690;11241;9449;3979;2107;1872;12993;7487;5506;3718;1647;2071;468;156;312
"Switzerland County, Indiana";10717;5524;5193;2645;1408;1237;6217;3197;3020;1855;919;936;188;67;121
"Tippecanoe County, Indiana";193048;98678;94370;39983;20358;19625;130594;68427;62167;22471;9893;12578;2964;1058;1906
"Tipton County, Indiana";15128;7537;7591;3135;1614;1521;8837;4511;4326;3156;1412;1744;407;123;284
"Union County, Indiana";7037;3491;3546;1424;752;672;4250;2125;2125;1363;614;749;152;55;97
"Vanderburgh County, Indiana";180974;87699;93275;39047;19878;19169;111354;54713;56641;30573;13108;17465;4313;1359;2954
"Vermillion County, Indiana";15479;7691;7788;3379;1780;1599;8998;4514;4484;3102;1397;1705;380;116;264
"Vigo County, Indiana";107386;54405;52981;21965;11462;10503;67904;35674;32230;17517;7269;10248;2317;665;1652
"Wabash County, Indiana";31280;15158;16122;6512;3244;3268;18242;9098;9144;6526;2816;3710;1059;339;720
"Warren County, Indiana";8263;4086;4177;1855;902;953;4737;2420;2317;1671;764;907;198;69;129
"Warrick County, Indiana";62567;30670;31897;14921;7537;7384;36699;18207;18492;10947;4926;6021;1303;435;868
"Washington County, Indiana";27943;13920;14023;6384;3224;3160;16793;8499;8294;4766;2197;2569;495;186;309
"Wayne County, Indiana";65936;31937;33999;14475;7331;7144;38830;19232;19598;12631;5374;7257;1727;547;1180
"Wells County, Indiana";28206;13912;14294;6982;3558;3424;16060;8101;7959;5164;2253;2911;774;240;534
"White County, Indiana";24133;12010;12123;5647;2892;2755;13632;6868;6764;4854;2250;2604;629;244;385
"Whitley County, Indiana";34074;16983;17091;7899;4075;3824;20051;10153;9898;6124;2755;3369;795;238;557
"Adair County, Iowa";7063;3509;3554;1528;771;757;3932;2029;1903;1603;709;894;315;120;195
"Adams County, Iowa";3645;1825;1820;768;390;378;2036;1034;1002;841;401;440;115;43;72
"Allamakee County, Iowa";13832;7019;6813;3252;1666;1586;7437;3835;3602;3143;1518;1625;413;150;263
"Appanoose County, Iowa";12437;6143;6294;2774;1437;1337;6840;3440;3400;2823;1266;1557;421;145;276
"Audubon County, Iowa";5506;2673;2833;1125;572;553;3019;1509;1510;1362;592;770;267;72;195
"Benton County, Iowa";25642;12785;12857;5988;2995;2993;14887;7563;7324;4767;2227;2540;733;275;458
"Black Hawk County, Iowa";132408;65095;67313;28810;14715;14095;81879;40662;41217;21719;9718;12001;3086;1083;2003
"Boone County, Iowa";26346;13312;13034;5607;2992;2615;15885;8086;7799;4854;2234;2620;699;226;473
"Bremer County, Iowa";24947;12348;12599;5567;2885;2682;14494;7253;7241;4886;2210;2676;759;255;504
"Buchanan County, Iowa";21199;10542;10657;5531;2792;2739;11882;6000;5882;3786;1750;2036;506;173;333
"Buena Vista County, Iowa";19874;10095;9779;5060;2590;2470;11616;6022;5594;3198;1483;1715;553;195;358
"Butler County, Iowa";14539;7257;7282;3271;1695;1576;8021;4073;3948;3247;1489;1758;543;203;340
"Calhoun County, Iowa";9699;5005;4694;2083;1063;1020;5391;2945;2446;2225;997;1228;395;133;262
"Carroll County, Iowa";20154;9924;10230;4939;2520;2419;11120;5611;5509;4095;1793;2302;750;263;487
"Cass County, Iowa";12930;6368;6562;2887;1504;1383;7046;3562;3484;2997;1302;1695;470;145;325
"Cedar County, Iowa";18627;9271;9356;4117;2104;2013;10840;5482;5358;3670;1685;1985;592;201;391
"Cerro Gordo County, Iowa";42647;20870;21777;8819;4555;4264;24542;12256;12286;9286;4059;5227;1525;480;1045
"Cherokee County, Iowa";11321;5692;5629;2468;1283;1185;6132;3162;2970;2721;1247;1474;552;207;345
"Chickasaw County, Iowa";11964;6055;5909;2815;1434;1381;6664;3475;3189;2485;1146;1339;364;136;228
"Clarke County, Iowa";9423;4772;4651;2430;1277;1153;5250;2719;2531;1743;776;967;272;91;181
"Clay County, Iowa";16134;7936;8198;3652;1841;1811;9138;4584;4554;3344;1511;1833;619;203;416
"Clayton County, Iowa";17556;8885;8671;3705;1908;1797;9678;5006;4672;4173;1971;2202;655;223;432
"Clinton County, Iowa";46518;22844;23674;10602;5420;5182;26756;13280;13476;9160;4144;5016;1296;430;866
"Crawford County, Iowa";17158;8767;8391;4323;2194;2129;9829;5177;4652;3006;1396;1610;477;157;320
"Dallas County, Iowa";90180;44496;45684;25041;12726;12315;54326;27097;27229;10813;4673;6140;1467;468;999
"Davis County, Iowa";9017;4462;4555;2647;1300;1347;4757;2427;2330;1613;735;878;243;84;159
"Decatur County, Iowa";7890;3940;3950;1727;874;853;4579;2343;2236;1584;723;861;266;93;173
"Delaware County, Iowa";17069;8611;8458;4031;2063;1968;9746;4977;4769;3292;1571;1721;479;174;305
"Des Moines County, Iowa";39138;19041;20097;8806;4425;4381;22182;10996;11186;8150;3620;4530;1206;411;795
"Dickinson County, Iowa";17153;8521;8632;3288;1714;1574;9380;4762;4618;4485;2045;2440;642;234;408
"Dubuque County, Iowa";96854;47863;48991;22037;11250;10787;57408;29011;28397;17409;7602;9807;2617;810;1807
"Emmet County, Iowa";9253;4646;4607;1911;952;959;5363;2810;2553;1979;884;1095;334;103;231
"Fayette County, Iowa";19660;9910;9750;4092;2116;1976;11341;5906;5435;4227;1888;2339;665;222;443
"Floyd County, Iowa";15761;7793;7968;3640;1878;1762;8684;4342;4342;3437;1573;1864;485;180;305
"Franklin County, Iowa";10124;5099;5025;2349;1232;1117;5650;2877;2773;2125;990;1135;355;119;236
"Fremont County, Iowa";6993;3488;3505;1567;814;753;3842;1947;1895;1584;727;857;246;81;165
"Greene County, Iowa";8981;4430;4551;2078;1074;1004;4920;2474;2446;1983;882;1101;329;100;229
"Grundy County, Iowa";12304;6072;6232;2818;1397;1421;6917;3530;3387;2569;1145;1424;397;122;275
"Guthrie County, Iowa";10720;5350;5370;2401;1230;1171;5912;3013;2899;2407;1107;1300;368;113;255
"Hamilton County, Iowa";14952;7451;7501;3389;1734;1655;8498;4363;4135;3065;1354;1711;542;176;366
"Hancock County, Iowa";10712;5365;5347;2325;1191;1134;5980;3051;2929;2407;1123;1284;401;117;284
"Hardin County, Iowa";16868;8467;8401;3367;1755;1612;9785;5068;4717;3716;1644;2072;668;235;433
"Harrison County, Iowa";14134;7065;7069;3278;1667;1611;8071;4122;3949;2785;1276;1509;435;143;292
"Henry County, Iowa";20067;10349;9718;4334;2215;2119;11927;6421;5506;3806;1713;2093;528;171;357
"Howard County, Iowa";9187;4582;4605;2278;1156;1122;4991;2543;2448;1918;883;1035;333;122;211
"Humboldt County, Iowa";9547;4703;4844;2235;1123;1112;5257;2656;2601;2055;924;1131;354;121;233
"Ida County, Iowa";6841;3415;3426;1656;873;783;3666;1848;1818;1519;694;825;266;84;182
"Iowa County, Iowa";16141;8046;8095;3758;1936;1822;9322;4732;4590;3061;1378;1683;528;171;357
"Jackson County, Iowa";19432;9698;9734;4331;2213;2118;11040;5628;5412;4061;1857;2204;632;232;400
"Jasper County, Iowa";37147;18996;18151;8346;4274;4072;21692;11586;10106;7109;3136;3973;1106;374;732
"Jefferson County, Iowa";18381;10127;8254;2858;1457;1401;11404;6717;4687;4119;1953;2166;478;173;305
"Johnson County, Iowa";151260;75011;76249;30183;15238;14945;103341;51795;51546;17736;7978;9758;2212;761;1451
"Jones County, Iowa";20744;10715;10029;4439;2292;2147;12032;6420;5612;4273;2003;2270;661;214;447
"Keokuk County, Iowa";10225;5201;5024;2346;1269;1077;5687;2920;2767;2192;1012;1180;384;133;251
"Kossuth County, Iowa";14908;7507;7401;3268;1710;1558;8102;4178;3924;3538;1619;1919;629;240;389
"Lee County, Iowa";34055;17161;16894;7297;3762;3535;19841;10311;9530;6917;3088;3829;902;289;613
"Linn County, Iowa";225909;111266;114643;52510;26888;25622;137697;68671;69026;35702;15707;19995;4692;1616;3076
"Louisa County, Iowa";11169;5700;5469;2526;1331;1195;6578;3419;3159;2065;950;1115;285;93;192
"Lucas County, Iowa";8645;4406;4239;2008;1061;947;4755;2453;2302;1882;892;990;273;96;177
"Lyon County, Iowa";11811;5994;5817;3347;1784;1563;6324;3249;3075;2140;961;1179;409;141;268
"Madison County, Iowa";16249;8114;8135;4047;2127;1920;9442;4695;4747;2760;1292;1468;363;114;249
"Mahaska County, Iowa";22000;11143;10857;5266;2759;2507;12707;6561;6146;4027;1823;2204;640;205;435
"Marion County, Iowa";33407;16705;16702;7892;4077;3815;19558;9934;9624;5957;2694;3263;797;273;524
"Marshall County, Iowa";39981;20231;19750;10109;5230;4879;22600;11667;10933;7272;3334;3938;1142;415;727
"Mills County, Iowa";15063;7580;7483;3553;1818;1735;8736;4433;4303;2774;1329;1445;313;114;199
"Mitchell County, Iowa";10569;5268;5301;2496;1281;1215;5837;2989;2848;2236;998;1238;436;151;285
"Monona County, Iowa";8679;4235;4444;1916;956;960;4627;2342;2285;2136;937;1199;406;111;295
"Monroe County, Iowa";7790;3858;3932;1848;920;928;4387;2222;2165;1555;716;839;202;71;131
"Montgomery County, Iowa";10003;4876;5127;2274;1144;1130;5585;2787;2798;2144;945;1199;377;114;263
"Muscatine County, Iowa";42929;21452;21477;10691;5491;5200;25093;12723;12370;7145;3238;3907;914;313;601
"O'Brien County, Iowa";13840;6927;6913;3292;1707;1585;7689;3982;3707;2859;1238;1621;592;195;397
"Osceola County, Iowa";6040;3082;2958;1441;771;670;3300;1727;1573;1299;584;715;233;85;148
"Page County, Iowa";15249;8051;7198;2949;1610;1339;8896;4908;3988;3404;1533;1871;560;174;386
"Palo Alto County, Iowa";8929;4449;4480;2037;1064;973;4934;2539;2395;1958;846;1112;390;122;268
"Plymouth County, Iowa";25095;12530;12565;6272;3208;3064;14212;7211;7001;4611;2111;2500;710;230;480
"Pocahontas County, Iowa";6740;3354;3386;1544;760;784;3644;1876;1768;1552;718;834;245;93;152
"Polk County, Iowa";487204;240245;246959;121315;61812;59503;302258;150752;151506;63631;27681;35950;8245;2755;5490
"Pottawattamie County, Iowa";93533;46030;47503;22030;11312;10718;55168;27444;27724;16335;7274;9061;2161;769;1392
"Poweshiek County, Iowa";18699;9061;9638;3643;1845;1798;11169;5491;5678;3887;1725;2162;623;209;414
"Ringgold County, Iowa";4968;2454;2514;1167;619;548;2582;1296;1286;1219;539;680;249;71;178
"Sac County, Iowa";9719;4791;4928;2176;1104;1072;5260;2670;2590;2283;1017;1266;440;126;314
"Scott County, Iowa";173283;84974;88309;41080;20697;20383;104061;51661;52400;28142;12616;15526;3765;1294;2471
"Shelby County, Iowa";11578;5725;5853;2603;1344;1259;6357;3199;3158;2618;1182;1436;518;193;325
"Sioux County, Iowa";34909;17575;17334;9433;4847;4586;19940;10237;9703;5536;2491;3045;983;330;653
"Story County, Iowa";98105;51227;46878;16245;8322;7923;70048;37571;32477;11812;5334;6478;1682;582;1100
"Tama County, Iowa";16904;8471;8433;4075;2100;1975;9494;4838;4656;3335;1533;1802;552;181;371
"Taylor County, Iowa";6191;3141;3050;1455;791;664;3367;1692;1675;1369;658;711;214;86;128
"Union County, Iowa";12359;5991;6368;2744;1364;1380;7071;3482;3589;2544;1145;1399;388;135;253
"Van Buren County, Iowa";7020;3613;3407;1601;891;710;3843;1960;1883;1576;762;814;191;82;109
"Wapello County, Iowa";35205;17539;17666;7931;4024;3907;20937;10689;10248;6337;2826;3511;886;301;585
"Warren County, Iowa";51056;25173;25883;12657;6536;6121;30374;15025;15349;8025;3612;4413;959;318;641
"Washington County, Iowa";22141;10939;11202;5493;2814;2679;12376;6236;6140;4272;1889;2383;692;213;479
"Wayne County, Iowa";6401;3146;3255;1625;817;808;3360;1704;1656;1416;625;791;243;72;171
"Webster County, Iowa";36277;18779;17498;7884;4111;3773;21739;11699;10040;6654;2969;3685;934;337;597
"Winnebago County, Iowa";10518;5185;5333;2319;1116;1203;5936;3080;2856;2263;989;1274;421;113;308
"Winneshiek County, Iowa";20029;9993;10036;3709;1922;1787;12176;6169;6007;4144;1902;2242;676;242;434
"Woodbury County, Iowa";102539;50815;51724;26742;13543;13199;60326;30415;29911;15471;6857;8614;1982;681;1301
"Worth County, Iowa";7453;3767;3686;1540;811;729;4382;2236;2146;1531;720;811;225;69;156
"Wright County, Iowa";12690;6379;6311;3040;1543;1497;6766;3500;3266;2884;1336;1548;548;202;346
"Allen County, Kansas";12444;6131;6313;2790;1462;1328;7077;3554;3523;2577;1115;1462;375;111;264
"Anderson County, Kansas";7878;3911;3967;1997;1033;964;4205;2113;2092;1676;765;911;249;91;158
"Atchison County, Kansas";16193;7861;8332;3781;1940;1841;9633;4697;4936;2779;1224;1555;388;127;261
"Barber County, Kansas";4472;2301;2171;1024;543;481;2421;1257;1164;1027;501;526;146;56;90
"Barton County, Kansas";26111;12899;13212;6207;3169;3038;14886;7458;7428;5018;2272;2746;851;304;547
"Bourbon County, Kansas";14653;7242;7411;3764;1938;1826;8000;4021;3979;2889;1283;1606;447;152;295
"Brown County, Kansas";9598;4737;4861;2424;1238;1186;5206;2602;2604;1968;897;1071;274;83;191
"Butler County, Kansas";66765;33594;33171;16996;8665;8331;39640;20397;19243;10129;4532;5597;1406;498;908
"Chase County, Kansas";2629;1338;1291;525;262;263;1443;772;671;661;304;357;99;30;69
"Chautauqua County, Kansas";3309;1703;1606;658;349;309;1766;930;836;885;424;461;125;49;76
"Cherokee County, Kansas";20015;9844;10171;4610;2356;2254;11542;5731;5811;3863;1757;2106;428;152;276
"Cheyenne County, Kansas";2660;1348;1312;567;323;244;1376;711;665;717;314;403;160;55;105
"Clark County, Kansas";2005;995;1010;483;254;229;1082;552;530;440;189;251;91;27;64
"Clay County, Kansas";7997;4001;3996;1883;984;899;4276;2189;2087;1838;828;1010;320;122;198
"Cloud County, Kansas";8729;4330;4399;1952;1001;951;4892;2540;2352;1885;789;1096;339;83;256
"Coffey County, Kansas";8233;4064;4169;1796;913;883;4671;2325;2346;1766;826;940;216;76;140
"Comanche County, Kansas";1748;849;899;415;204;211;886;440;446;447;205;242;60;25;35
"Cowley County, Kansas";35218;17716;17502;8319;4270;4049;20479;10539;9940;6420;2907;3513;947;331;616
"Crawford County, Kansas";39019;19574;19445;8490;4446;4044;24474;12516;11958;6055;2612;3443;927;272;655
"Decatur County, Kansas";2871;1443;1428;558;299;259;1505;776;729;808;368;440;191;57;134
"Dickinson County, Kansas";18717;9433;9284;4439;2321;2118;10580;5434;5146;3698;1678;2020;636;221;415
"Doniphan County, Kansas";7682;3863;3819;1626;797;829;4554;2351;2203;1502;715;787;222;74;148
"Douglas County, Kansas";121436;60520;60916;22089;11421;10668;84393;42340;42053;14954;6759;8195;1890;614;1276
"Edwards County, Kansas";2849;1449;1400;665;344;321;1578;803;775;606;302;304;69;28;41
"Elk County, Kansas";2508;1267;1241;543;287;256;1236;637;599;729;343;386;92;34;58
"Ellis County, Kansas";28710;14458;14252;6198;3207;2991;18096;9231;8865;4416;2020;2396;692;254;438
"Ellsworth County, Kansas";6196;3503;2693;1137;595;542;3762;2304;1458;1297;604;693;200;72;128
"Finney County, Kansas";36611;18844;17767;11038;5659;5379;21539;11291;10248;4034;1894;2140;556;202;354
"Ford County, Kansas";33888;17584;16304;10213;5267;4946;19883;10574;9309;3792;1743;2049;636;228;408
"Franklin County, Kansas";25631;12785;12846;6090;3123;2967;15279;7713;7566;4262;1949;2313;484;158;326
"Geary County, Kansas";32594;17216;15378;10029;5160;4869;19747;10842;8905;2818;1214;1604;356;117;239
"Gove County, Kansas";2612;1315;1297;626;317;309;1351;709;642;635;289;346;132;44;88
"Graham County, Kansas";2492;1236;1256;484;255;229;1324;669;655;684;312;372;114;50;64
"Grant County, Kansas";7336;3684;3652;2257;1156;1101;4076;2087;1989;1003;441;562;117;32;85
"Gray County, Kansas";6033;3037;2996;1749;902;847;3374;1706;1668;910;429;481;132;53;79
"Greeley County, Kansas";1227;588;639;319;152;167;654;323;331;254;113;141;59;20;39
"Greenwood County, Kansas";6055;3026;3029;1317;674;643;3229;1623;1606;1509;729;780;224;77;147
"Hamilton County, Kansas";2607;1351;1256;749;407;342;1493;758;735;365;186;179;32;11;21
"Harper County, Kansas";5506;2757;2749;1372;717;655;2867;1490;1377;1267;550;717;213;56;157
"Harvey County, Kansas";34210;16893;17317;8242;4212;4030;19286;9709;9577;6682;2972;3710;1213;425;788
"Haskell County, Kansas";3997;2008;1989;1125;593;532;2281;1133;1148;591;282;309;67;21;46
"Hodgeman County, Kansas";1818;905;913;413;200;213;969;487;482;436;218;218;68;36;32
"Jackson County, Kansas";13280;6644;6636;3308;1693;1615;7442;3774;3668;2530;1177;1353;292;124;168
"Jefferson County, Kansas";18975;9661;9314;4328;2257;2071;11109;5680;5429;3538;1724;1814;436;181;255
"Jewell County, Kansas";2841;1452;1389;539;279;260;1446;759;687;856;414;442;146;56;90
"Johnson County, Kansas";597555;293223;304332;145643;74204;71439;365189;180684;184505;86723;38335;48388;11436;4012;7424
"Kearny County, Kansas";3943;1967;1976;1142;613;529;2189;1101;1088;612;253;359;88;29;59
"Kingman County, Kansas";7310;3663;3647;1604;850;754;4121;2073;2048;1585;740;845;263;115;148
"Kiowa County, Kansas";2516;1234;1282;574;271;303;1390;707;683;552;256;296;100;42;58
"Labette County, Kansas";19964;9931;10033;4792;2456;2336;11360;5776;5584;3812;1699;2113;548;166;382
"Lane County, Kansas";1560;788;772;345;189;156;848;428;420;367;171;196;56;17;39
"Leavenworth County, Kansas";81352;43269;38083;19284;9831;9453;50289;28001;22288;11779;5437;6342;1281;446;835
"Lincoln County, Kansas";3023;1500;1523;679;354;325;1605;802;803;739;344;395;153;44;109
"Linn County, Kansas";9750;4937;4813;2189;1122;1067;5381;2745;2636;2180;1070;1110;264;112;152
"Logan County, Kansas";2844;1414;1430;685;353;332;1567;810;757;592;251;341;110;34;76
"Lyon County, Kansas";33406;16223;17183;7439;3800;3639;20892;10141;10751;5075;2282;2793;808;275;533
"McPherson County, Kansas";28537;13992;14545;6538;3267;3271;16339;8244;8095;5660;2481;3179;1090;359;731
"Marion County, Kansas";11950;5943;6007;2532;1291;1241;6635;3366;3269;2783;1286;1497;512;185;327
"Marshall County, Kansas";9722;4841;4881;2317;1168;1149;5293;2690;2603;2112;983;1129;379;153;226
"Meade County, Kansas";4146;2104;2042;1061;572;489;2286;1144;1142;799;388;411;156;71;85
"Miami County, Kansas";33680;16735;16945;8257;4192;4065;19792;9980;9812;5631;2563;3068;752;260;492
"Mitchell County, Kansas";6150;3113;3037;1433;725;708;3267;1710;1557;1450;678;772;264;94;170
"Montgomery County, Kansas";32120;15909;16211;7635;3941;3694;18096;9139;8957;6389;2829;3560;921;292;629
"Morris County, Kansas";5521;2761;2760;1132;575;557;3024;1546;1478;1365;640;725;241;99;142
"Morton County, Kansas";2667;1323;1344;647;327;320;1479;757;722;541;239;302;112;35;77
"Nemaha County, Kansas";10155;5140;5015;2639;1370;1269;5468;2845;2623;2048;925;1123;468;161;307
"Neosho County, Kansas";15951;7902;8049;3929;1993;1936;8858;4502;4356;3164;1407;1757;496;168;328
"Ness County, Kansas";2840;1401;1439;619;300;319;1486;774;712;735;327;408;147;46;101
"Norton County, Kansas";5430;3035;2395;1040;524;516;3278;2021;1257;1112;490;622;216;64;152
"Osage County, Kansas";15941;7989;7952;3724;1941;1783;9054;4538;4516;3163;1510;1653;404;176;228
"Osborne County, Kansas";3475;1756;1719;710;384;326;1897;987;910;868;385;483;173;58;115
"Ottawa County, Kansas";5802;3009;2793;1312;710;602;3307;1729;1578;1183;570;613;131;52;79
"Pawnee County, Kansas";6562;3683;2879;1079;616;463;4106;2441;1665;1377;626;751;225;66;159
"Phillips County, Kansas";5317;2638;2679;1199;620;579;2847;1428;1419;1271;590;681;195;63;132
"Pottawatomie County, Kansas";24277;12063;12214;7073;3556;3517;13741;6917;6824;3463;1590;1873;470;150;320
"Pratt County, Kansas";9378;4638;4740;2313;1183;1130;5170;2620;2550;1895;835;1060;354;106;248
"Rawlins County, Kansas";2508;1267;1241;526;274;252;1282;673;609;700;320;380;113;36;77
"Reno County, Kansas";62342;31304;31038;13969;7139;6830;36053;18769;17284;12320;5396;6924;2030;689;1341
"Republic County, Kansas";4664;2305;2359;968;498;470;2402;1218;1184;1294;589;705;265;96;169
"Rice County, Kansas";9531;4760;4771;2166;1079;1087;5522;2882;2640;1843;799;1044;271;91;180
"Riley County, Kansas";73703;38675;35028;12281;6225;6056;54413;29297;25116;7009;3153;3856;1084;401;683
"Rooks County, Kansas";5013;2419;2594;1117;527;590;2783;1400;1383;1113;492;621;176;58;118
"Rush County, Kansas";3093;1588;1505;646;357;289;1679;875;804;768;356;412;147;55;92
"Russell County, Kansas";6907;3406;3501;1494;781;713;3724;1861;1863;1689;764;925;318;123;195
"Saline County, Kansas";54401;26984;27417;12589;6414;6175;32056;16227;15829;9756;4343;5413;1460;525;935
"Scott County, Kansas";4897;2467;2430;1319;687;632;2630;1324;1306;948;456;492;159;51;108
"Sedgwick County, Kansas";513607;254106;259501;131919;67183;64736;307201;153335;153866;74487;33588;40899;9604;3553;6051
"Seward County, Kansas";21780;11052;10728;6909;3435;3474;12741;6677;6064;2130;940;1190;291;85;206
"Shawnee County, Kansas";177499;85958;91541;41950;21467;20483;103253;50259;52994;32296;14232;18064;4356;1477;2879
"Sheridan County, Kansas";2533;1274;1259;637;323;314;1312;684;628;584;267;317;123;43;80
"Sherman County, Kansas";5899;2959;2940;1403;715;688;3359;1723;1636;1137;521;616;163;55;108
"Smith County, Kansas";3603;1792;1811;734;367;367;1872;952;920;997;473;524;208;90;118
"Stafford County, Kansas";4178;2121;2057;979;517;462;2272;1174;1098;927;430;497;179;66;113
"Stanton County, Kansas";1987;990;997;519;258;261;1118;574;544;350;158;192;61;27;34
"Stevens County, Kansas";5559;2754;2805;1607;750;857;3068;1612;1456;884;392;492;165;57;108
"Sumner County, Kansas";22996;11519;11477;5667;2905;2762;13026;6632;6394;4303;1982;2321;629;215;414
"Thomas County, Kansas";7711;3775;3936;1802;916;886;4547;2241;2306;1362;618;744;231;82;149
"Trego County, Kansas";2793;1418;1375;500;267;233;1553;787;766;740;364;376;127;55;72
"Wabaunsee County, Kansas";6899;3527;3372;1612;865;747;3906;1972;1934;1381;690;691;158;56;102
"Wallace County, Kansas";1503;750;753;378;173;205;775;408;367;350;169;181;72;27;45
"Washington County, Kansas";5420;2767;2653;1211;645;566;2911;1532;1379;1298;590;708;254;95;159
"Wichita County, Kansas";2105;1073;1032;549;267;282;1130;605;525;426;201;225;77;31;46
"Wilson County, Kansas";8665;4289;4376;2088;1063;1025;4723;2380;2343;1854;846;1008;251;78;173
"Woodson County, Kansas";3183;1601;1582;672;348;324;1738;889;849;773;364;409;125;54;71
"Wyandotte County, Kansas";165324;82022;83302;46051;23625;22426;98992;49610;49382;20281;8787;11494;2509;873;1636
"Adair County, Kentucky";19215;9508;9707;3906;2039;1867;11738;5803;5935;3571;1666;1905;372;126;246
"Allen County, Kentucky";21122;10446;10676;4858;2478;2380;12539;6256;6283;3725;1712;2013;318;119;199
"Anderson County, Kentucky";22663;11107;11556;5335;2798;2537;13756;6771;6985;3572;1538;2034;376;93;283
"Ballard County, Kentucky";7979;3977;4002;1691;901;790;4618;2313;2305;1670;763;907;201;69;132
"Barren County, Kentucky";44176;21353;22823;10386;5235;5151;25972;12786;13186;7818;3332;4486;951;270;681
"Bath County, Kentucky";12383;6111;6272;3111;1618;1493;7192;3529;3663;2080;964;1116;226;87;139
"Bell County, Kentucky";26569;13024;13545;5646;2896;2750;15818;7900;7918;5105;2228;2877;560;176;384
"Boone County, Kentucky";131533;65164;66369;34210;17439;16771;79519;39721;39798;17804;8004;9800;1687;614;1073
"Bourbon County, Kentucky";20184;9838;10346;4634;2377;2257;11735;5772;5963;3815;1689;2126;477;176;301
"Boyd County, Kentucky";47240;23510;23730;10048;5161;4887;27971;14323;13648;9221;4026;5195;1113;350;763
"Boyle County, Kentucky";30100;14993;15107;6015;3102;2913;18328;9457;8871;5757;2434;3323;841;266;575
"Bracken County, Kentucky";8239;4129;4110;1924;998;926;4945;2499;2446;1370;632;738;129;47;82
"Breathitt County, Kentucky";12726;6366;6360;2597;1381;1216;7936;4006;3930;2193;979;1214;203;71;132
"Breckinridge County, Kentucky";20388;10249;10139;4654;2429;2225;11793;5967;5826;3941;1853;2088;373;135;238
"Bullitt County, Kentucky";81069;40302;40767;17795;9186;8609;50622;25259;25363;12652;5857;6795;1074;424;650
"Butler County, Kentucky";12772;6413;6359;2876;1501;1375;7496;3789;3707;2400;1123;1277;263;80;183
"Caldwell County, Kentucky";12715;6130;6585;2845;1425;1420;7218;3554;3664;2652;1151;1501;355;115;240
"Calloway County, Kentucky";39135;19061;20074;7089;3581;3508;25432;12487;12945;6614;2993;3621;772;272;500
"Campbell County, Kentucky";93152;45696;47456;19395;9852;9543;59208;29448;29760;14549;6396;8153;1795;649;1146
"Carlisle County, Kentucky";4771;2353;2418;1086;569;517;2662;1344;1318;1023;440;583;141;36;105
"Carroll County, Kentucky";10737;5412;5325;2798;1408;1390;6304;3255;3049;1635;749;886;190;69;121
"Carter County, Kentucky";27004;13290;13714;6077;3143;2934;15862;7860;8002;5065;2287;2778;478;190;288
"Casey County, Kentucky";15888;7702;8186;3645;1835;1810;9046;4482;4564;3197;1385;1812;352;99;253
"Christian County, Kentucky";71671;38320;33351;19263;9961;9302;43617;24549;19068;8791;3810;4981;1135;397;738
"Clark County, Kentucky";36249;17704;18545;8087;4202;3885;21682;10644;11038;6480;2858;3622;714;252;462
"Clay County, Kentucky";20105;10467;9638;4242;2152;2090;12798;6950;5848;3065;1365;1700;273;104;169
"Clinton County, Kentucky";10206;5014;5192;2293;1159;1134;5923;2932;2991;1990;923;1067;167;58;109
"Crittenden County, Kentucky";8915;4488;4427;1966;1021;945;5097;2596;2501;1852;871;981;193;71;122
"Cumberland County, Kentucky";6659;3245;3414;1441;737;704;3762;1846;1916;1456;662;794;150;47;103
"Daviess County, Kentucky";101104;49399;51705;24735;12681;12054;59241;29262;29979;17128;7456;9672;2245;726;1519
"Edmonson County, Kentucky";12274;6161;6113;2253;1158;1095;7475;3789;3686;2546;1214;1332;276;114;162
"Elliott County, Kentucky";7508;4245;3263;1370;703;667;4655;2824;1831;1483;718;765;159;50;109
"Estill County, Kentucky";14198;7033;7165;3045;1546;1499;8451;4281;4170;2702;1206;1496;210;72;138
"Fayette County, Kentucky";323780;158892;164888;67639;34688;32951;212927;105658;107269;43214;18546;24668;5136;1695;3441
"Fleming County, Kentucky";14432;7090;7342;3475;1766;1709;8374;4137;4237;2583;1187;1396;247;87;160
"Floyd County, Kentucky";35845;17523;18322;7829;4128;3701;21428;10503;10925;6588;2892;3696;550;176;374
"Franklin County, Kentucky";50815;24539;26276;10589;5369;5220;31078;15154;15924;9148;4016;5132;974;338;636
"Fulton County, Kentucky";6120;3042;3078;1342;700;642;3541;1814;1727;1237;528;709;131;41;90
"Gallatin County, Kentucky";8832;4473;4359;2139;1084;1055;5460;2796;2664;1233;593;640;93;27;66
"Garrard County, Kentucky";17560;8656;8904;3841;2040;1801;10530;5207;5323;3189;1409;1780;344;102;242
"Grant County, Kentucky";25121;12579;12542;6661;3359;3302;15008;7614;7394;3452;1606;1846;280;93;187
"Graves County, Kentucky";37317;18254;19063;8941;4570;4371;21475;10580;10895;6901;3104;3797;814;299;515
"Grayson County, Kentucky";26321;13283;13038;6154;3169;2985;15490;7970;7520;4677;2144;2533;446;151;295
"Green County, Kentucky";11049;5446;5603;2310;1158;1152;6459;3261;3198;2280;1027;1253;248;84;164
"Greenup County, Kentucky";35268;17148;18120;7535;3893;3642;20345;10027;10318;7388;3228;4160;853;297;556
"Hancock County, Kentucky";8758;4494;4264;2238;1209;1029;5034;2572;2462;1486;713;773;137;49;88
"Hardin County, Kentucky";110356;54969;55387;27155;13934;13221;67804;34344;33460;15397;6691;8706;1702;588;1114
"Harlan County, Kentucky";26409;12677;13732;6055;3025;3030;15409;7468;7941;4945;2184;2761;514;169;345
"Harrison County, Kentucky";18778;9228;9550;4228;2167;2061;11252;5587;5665;3298;1474;1824;360;106;254
"Hart County, Kentucky";18906;9298;9608;4633;2291;2342;11141;5604;5537;3132;1403;1729;327;90;237
"Henderson County, Kentucky";45591;22006;23585;10568;5355;5213;27011;13163;13848;8012;3488;4524;919;300;619
"Henry County, Kentucky";16106;7969;8137;3804;2000;1804;9472;4701;4771;2830;1268;1562;263;74;189
"Hickman County, Kentucky";4421;2084;2337;842;411;431;2450;1188;1262;1129;485;644;166;45;121
"Hopkins County, Kentucky";45068;21976;23092;10188;5198;4990;26566;13065;13501;8314;3713;4601;901;297;604
"Jackson County, Kentucky";13442;6682;6760;3052;1595;1457;8073;4010;4063;2317;1077;1240;168;54;114
"Jefferson County, Kentucky";770517;372427;398090;170791;87230;83561;475223;232244;242979;124503;52953;71550;15933;5219;10714
"Jessamine County, Kentucky";53920;26281;27639;12999;6672;6327;32834;15877;16957;8087;3732;4355;1030;434;596
"Johnson County, Kentucky";22386;10971;11415;4881;2486;2395;13388;6572;6816;4117;1913;2204;371;121;250
"Kenton County, Kentucky";166051;82155;83896;39533;20255;19278;102539;51295;51244;23979;10605;13374;2666;870;1796
"Knott County, Kentucky";15126;7473;7653;3046;1565;1481;9286;4650;4636;2794;1258;1536;258;73;185
"Knox County, Kentucky";31304;15336;15968;7316;3747;3569;18582;9253;9329;5406;2336;3070;518;173;345
"Larue County, Kentucky";14307;7102;7205;3183;1663;1520;8600;4312;4288;2524;1127;1397;297;92;205
"Laurel County, Kentucky";60669;29725;30944;14052;7125;6927;36696;18051;18645;9921;4549;5372;896;336;560
"Lawrence County, Kentucky";15571;7758;7813;3692;1942;1750;9180;4556;4624;2699;1260;1439;233;86;147
"Lee County, Kentucky";7033;3810;3223;1351;737;614;4446;2515;1931;1236;558;678;94;25;69
"Leslie County, Kentucky";10143;5062;5081;2192;1167;1025;6133;3080;3053;1818;815;1003;176;65;111
"Letcher County, Kentucky";21899;10698;11201;4739;2416;2323;12883;6341;6542;4277;1941;2336;343;120;223
"Lewis County, Kentucky";13257;6627;6630;2853;1454;1399;7935;3987;3948;2469;1186;1283;226;91;135
"Lincoln County, Kentucky";24644;12076;12568;5877;3026;2851;14276;7062;7214;4491;1988;2503;464;168;296
"Livingston County, Kentucky";9242;4540;4702;1883;979;904;5353;2634;2719;2006;927;1079;206;64;142
"Logan County, Kentucky";26989;13311;13678;6305;3250;3055;15660;7792;7868;5024;2269;2755;565;198;367
"Lyon County, Kentucky";8009;4388;3621;1164;619;545;4765;2785;1980;2080;984;1096;206;73;133
"McCracken County, Kentucky";65346;31393;33953;14650;7486;7164;37756;18458;19298;12940;5449;7491;1713;526;1187
"McCreary County, Kentucky";17408;9462;7946;3783;1968;1815;10832;6199;4633;2793;1295;1498;219;89;130
"McLean County, Kentucky";9252;4551;4701;2205;1132;1073;5247;2600;2647;1800;819;981;200;68;132
"Madison County, Kentucky";92368;44872;47496;19144;9756;9388;60487;29457;31030;12737;5659;7078;1396;472;924
"Magoffin County, Kentucky";12362;6176;6186;2760;1424;1336;7479;3766;3713;2123;986;1137;182;87;95
"Marion County, Kentucky";19404;9605;9799;4692;2332;2360;11526;5886;5640;3186;1387;1799;427;120;307
"Marshall County, Kentucky";31191;15281;15910;6423;3337;3086;17959;8836;9123;6809;3108;3701;734;264;470
"Martin County, Kentucky";11323;6219;5104;2220;1162;1058;7222;4194;3028;1881;863;1018;180;62;118
"Mason County, Kentucky";17150;8305;8845;4007;2048;1959;9996;4907;5089;3147;1350;1797;325;106;219
"Meade County, Kentucky";28715;14460;14255;6425;3295;3130;18264;9216;9048;4026;1949;2077;381;149;232
"Menifee County, Kentucky";6451;3281;3170;1193;634;559;3905;2044;1861;1353;603;750;129;38;91
"Mercer County, Kentucky";21774;10683;11091;4787;2491;2296;12898;6425;6473;4089;1767;2322;453;134;319
"Metcalfe County, Kentucky";10030;4973;5057;2363;1223;1140;5793;2917;2876;1874;833;1041;198;59;139
"Monroe County, Kentucky";10718;5343;5375;2420;1297;1123;6282;3171;3111;2016;875;1141;167;48;119
"Montgomery County, Kentucky";28203;13790;14413;6690;3482;3208;17042;8352;8690;4471;1956;2515;468;163;305
"Morgan County, Kentucky";13345;7627;5718;2438;1336;1102;8672;5237;3435;2235;1054;1181;222;87;135
"Muhlenberg County, Kentucky";30774;15708;15066;6357;3336;3021;18532;9792;8740;5885;2580;3305;638;192;446
"Nelson County, Kentucky";45851;22625;23226;10814;5648;5166;27862;13791;14071;7175;3186;3989;690;210;480
"Nicholas County, Kentucky";7166;3550;3616;1708;867;841;4273;2143;2130;1185;540;645;129;59;70
"Ohio County, Kentucky";24087;11991;12096;5886;2980;2906;13914;7016;6898;4287;1995;2292;472;166;306
"Oldham County, Kentucky";66470;34810;31660;16937;8528;8409;40756;22107;18649;8777;4175;4602;761;250;511
"Owen County, Kentucky";10880;5403;5477;2404;1204;1200;6463;3234;3229;2013;965;1048;190;53;137
"Owsley County, Kentucky";4472;2208;2264;1009;506;503;2586;1301;1285;877;401;476;93;40;53
"Pendleton County, Kentucky";14529;7406;7123;3268;1724;1544;8924;4607;4317;2337;1075;1262;239;82;157
"Perry County, Kentucky";26092;12836;13256;5984;3090;2894;15679;7690;7989;4429;2056;2373;397;169;228
"Pike County, Kentucky";58402;28499;29903;12021;6098;5923;35419;17612;17807;10962;4789;6173;1138;370;768
"Powell County, Kentucky";12442;6177;6265;3000;1539;1461;7467;3757;3710;1975;881;1094;167;56;111
"Pulaski County, Kentucky";64623;31566;33057;14373;7412;6961;38120;18684;19436;12130;5470;6660;1137;390;747
"Robertson County, Kentucky";2135;1079;1056;440;230;210;1235;621;614;460;228;232;66;29;37
"Rockcastle County, Kentucky";16750;8185;8565;3600;1782;1818;10109;5047;5062;3041;1356;1685;267;98;169
"Rowan County, Kentucky";24583;11905;12678;4762;2435;2327;16372;7972;8400;3449;1498;1951;342;125;217
"Russell County, Kentucky";17821;8756;9065;4039;2070;1969;10185;4999;5186;3597;1687;1910;414;132;282
"Scott County, Kentucky";56031;27650;28381;14108;7115;6993;35176;17524;17652;6747;3011;3736;616;203;413
"Shelby County, Kentucky";48518;23581;24937;11172;5761;5411;29862;14373;15489;7484;3447;4037;724;251;473
"Simpson County, Kentucky";18529;9119;9410;4466;2303;2163;11007;5499;5508;3056;1317;1739;309;106;203
"Spencer County, Kentucky";18794;9515;9279;4262;2236;2026;11905;5995;5910;2627;1284;1343;208;95;113
"Taylor County, Kentucky";25549;12483;13066;5665;2867;2798;15285;7603;7682;4599;2013;2586;500;163;337
"Todd County, Kentucky";12311;6129;6182;3290;1654;1636;7039;3572;3467;1982;903;1079;212;65;147
"Trigg County, Kentucky";14643;7259;7384;3206;1640;1566;8178;4024;4154;3259;1595;1664;274;102;172
"Trimble County, Kentucky";8515;4267;4248;1889;979;910;5137;2595;2542;1489;693;796;141;61;80
"Union County, Kentucky";14505;7556;6949;2695;1385;1310;9405;5098;4307;2405;1073;1332;238;56;182
"Warren County, Kentucky";131264;64205;67059;30099;15062;15037;84269;41664;42605;16896;7479;9417;1953;640;1313
"Washington County, Kentucky";12084;5980;6104;2878;1538;1340;7030;3511;3519;2176;931;1245;276;72;204
"Wayne County, Kentucky";20468;10174;10294;4175;2143;2032;11987;6014;5973;4306;2017;2289;392;158;234
"Webster County, Kentucky";13111;6487;6624;3083;1515;1568;7745;3945;3800;2283;1027;1256;256;90;166
"Whitley County, Kentucky";36242;17835;18407;9150;4747;4403;21313;10489;10824;5779;2599;3180;568;185;383
"Wolfe County, Kentucky";7177;3515;3662;1650;858;792;4139;2012;2127;1388;645;743;129;40;89
"Woodford County, Kentucky";26533;12773;13760;5848;2948;2900;15697;7565;8132;4988;2260;2728;464;154;310
"Acadia Parish, Louisiana";62190;30342;31848;16074;8279;7795;36625;17917;18708;9491;4146;5345;1141;337;804
"Allen Parish, Louisiana";25605;14516;11089;5644;2922;2722;16117;9881;6236;3844;1713;2131;437;155;282
"Ascension Parish, Louisiana";124672;61555;63117;33371;17112;16259;76567;37805;38762;14734;6638;8096;1274;427;847
"Assumption Parish, Louisiana";22300;10819;11481;4792;2403;2389;13488;6536;6952;4020;1880;2140;474;167;307
"Avoyelles Parish, Louisiana";40462;20408;20054;9545;4971;4574;24067;12463;11604;6850;2974;3876;830;264;566
"Beauregard Parish, Louisiana";37253;18888;18365;9168;4685;4483;22214;11568;10646;5871;2635;3236;574;215;359
"Bienville Parish, Louisiana";13308;6381;6927;2976;1475;1501;7547;3714;3833;2785;1192;1593;420;124;296
"Bossier Parish, Louisiana";127185;62919;64266;31589;16265;15324;77356;38651;38705;18240;8003;10237;2125;759;1366
"Caddo Parish, Louisiana";242922;114969;127953;57537;28962;28575;143779;68405;75374;41606;17602;24004;5380;1814;3566
"Calcasieu Parish, Louisiana";203112;99313;103799;50566;25990;24576;122489;60032;62457;30057;13291;16766;3214;1188;2026
"Caldwell Parish, Louisiana";9960;5124;4836;2305;1203;1102;5886;3142;2744;1769;779;990;185;51;134
"Cameron Parish, Louisiana";6968;3468;3500;1541;775;766;4278;2161;2117;1149;532;617;121;44;77
"Catahoula Parish, Louisiana";9608;5078;4530;2053;1019;1034;5876;3298;2578;1679;761;918;164;57;107
"Claiborne Parish, Louisiana";15944;9028;6916;2884;1440;1444;10014;6211;3803;3046;1377;1669;397;130;267
"Concordia Parish, Louisiana";19572;9931;9641;4690;2417;2273;11503;6073;5430;3379;1441;1938;395;148;247
"De Soto Parish, Louisiana";27436;13232;14204;6571;3399;3172;15967;7701;8266;4898;2132;2766;535;203;332
"East Baton Rouge Parish, Louisiana";440956;210609;230347;99927;50453;49474;278501;133657;144844;62528;26499;36029;7067;2286;4781
"East Carroll Parish, Louisiana";7037;3811;3226;1734;863;871;4264;2519;1745;1039;429;610;118;32;86
"East Feliciana Parish, Louisiana";19305;10486;8819;3528;1815;1713;12356;7024;5332;3421;1647;1774;291;146;145
"Evangeline Parish, Louisiana";33443;17001;16442;8377;4221;4156;19939;10490;9449;5127;2290;2837;541;189;352
"Franklin Parish, Louisiana";20156;9752;10404;5154;2599;2555;11397;5641;5756;3605;1512;2093;461;126;335
"Grant Parish, Louisiana";22482;12576;9906;4744;2454;2290;14318;8508;5810;3420;1614;1806;317;124;193
"Iberia Parish, Louisiana";70941;34708;36233;18322;9294;9028;41991;20587;21404;10628;4827;5801;1133;421;712
"Iberville Parish, Louisiana";32721;16553;16168;6743;3438;3305;20797;10831;9966;5181;2284;2897;595;199;396
"Jackson Parish, Louisiana";15902;8158;7744;3490;1852;1638;9246;4896;4350;3166;1410;1756;388;132;256
"Jefferson Parish, Louisiana";434051;210118;223933;95458;48763;46695;264263;129146;135117;74330;32209;42121;9218;3069;6149
"Jefferson Davis Parish, Louisiana";31582;15468;16114;8117;4193;3924;18306;8984;9322;5159;2291;2868;629;273;356
"Lafayette Parish, Louisiana";242782;118148;124634;57350;29074;28276;153365;75014;78351;32067;14060;18007;3660;1202;2458
"Lafourche Parish, Louisiana";98115;48123;49992;22793;11584;11209;60154;29827;30327;15168;6712;8456;1795;617;1178
"LaSalle Parish, Louisiana";14917;7732;7185;3419;1736;1683;8974;4878;4096;2524;1118;1406;280;97;183
"Lincoln Parish, Louisiana";47196;22948;24248;9452;4763;4689;31348;15469;15879;6396;2716;3680;882;275;607
"Livingston Parish, Louisiana";139567;68810;70757;35715;18175;17540;85430;42331;43099;18422;8304;10118;1495;590;905
"Madison Parish, Louisiana";11161;5540;5621;2649;1331;1318;6906;3481;3425;1606;728;878;207;79;128
"Morehouse Parish, Louisiana";25398;12212;13186;6136;3148;2988;14499;6993;7506;4763;2071;2692;598;205;393
"Natchitoches Parish, Louisiana";38659;18589;20070;9063;4707;4356;23181;11034;12147;6415;2848;3567;747;275;472
"Orleans Parish, Louisiana";391006;185068;205938;78086;39448;38638;255160;120876;134284;57760;24744;33016;6624;2204;4420
"Ouachita Parish, Louisiana";154475;74050;80425;38427;19571;18856;93201;44844;48357;22847;9635;13212;2732;958;1774
"Plaquemines Parish, Louisiana";23410;11805;11605;6058;3148;2910;14209;7211;6998;3143;1446;1697;333;98;235
"Pointe Coupee Parish, Louisiana";21940;10543;11397;4793;2431;2362;12631;6119;6512;4516;1993;2523;509;203;306
"Rapides Parish, Louisiana";130562;63168;67394;32250;16468;15782;76937;37510;39427;21375;9190;12185;2523;849;1674
"Red River Parish, Louisiana";8477;4078;4399;1980;1021;959;4878;2385;2493;1619;672;947;186;41;145
"Richland Parish, Louisiana";20192;9852;10340;4706;2469;2237;11942;5797;6145;3544;1586;1958;400;133;267
"Sabine Parish, Louisiana";24032;11862;12170;5668;2906;2762;13384;6601;6783;4980;2355;2625;553;186;367
"St. Bernard Parish, Louisiana";46721;22896;23825;12440;6360;6080;28941;14079;14862;5340;2457;2883;567;195;372
"St. Charles Parish, Louisiana";52879;25940;26939;12922;6595;6327;32783;16055;16728;7174;3290;3884;730;303;427
"St. Helena Parish, Louisiana";10262;4947;5315;2161;1087;1074;6055;2952;3103;2046;908;1138;211;87;124
"St. James Parish, Louisiana";21037;10161;10876;4748;2417;2331;12679;6180;6499;3610;1564;2046;361;138;223
"St. John the Baptist Parish, Louisiana";43184;21066;22118;10617;5392;5225;26423;12814;13609;6144;2860;3284;572;235;337
"St. Landry Parish, Louisiana";82764;39950;42814;22230;11411;10819;47206;22758;24448;13328;5781;7547;1499;484;1015
"St. Martin Parish, Louisiana";53621;26359;27262;12978;6550;6428;32586;16112;16474;8057;3697;4360;809;315;494
"St. Mary Parish, Louisiana";49774;24545;25229;11865;6063;5802;29667;14739;14928;8242;3743;4499;963;344;619
"St. Tammany Parish, Louisiana";258111;125280;132831;61917;31460;30457;152500;74044;78456;43694;19776;23918;4460;1577;2883
"Tangipahoa Parish, Louisiana";133777;64790;68987;32761;16638;16123;81786;39568;42218;19230;8584;10646;1855;651;1204
"Tensas Parish, Louisiana";4462;2158;2304;1022;530;492;2351;1145;1206;1089;483;606;130;38;92
"Terrebonne Parish, Louisiana";111021;54649;56372;28090;14340;13750;66947;33178;33769;15984;7131;8853;1667;643;1024
"Union Parish, Louisiana";22330;11056;11274;4888;2496;2392;12852;6392;6460;4590;2168;2422;533;213;320
"Vermilion Parish, Louisiana";59830;28974;30856;15229;7739;7490;35489;17210;18279;9112;4025;5087;1149;402;747
"Vernon Parish, Louisiana";48860;26045;22815;12129;6179;5950;30772;17195;13577;5959;2671;3288;574;245;329
"Washington Parish, Louisiana";46582;23027;23555;11232;5769;5463;26995;13529;13466;8355;3729;4626;884;341;543
"Webster Parish, Louisiana";38798;18861;19937;8780;4537;4243;22352;11050;11302;7666;3274;4392;937;308;629
"West Baton Rouge Parish, Louisiana";26427;13047;13380;6461;3271;3190;16359;8143;8216;3607;1633;1974;389;133;256
"West Carroll Parish, Louisiana";10982;5588;5394;2533;1347;1186;6359;3322;3037;2090;919;1171;224;75;149
"West Feliciana Parish, Louisiana";15460;10106;5354;2500;1244;1256;10637;7663;2974;2323;1199;1124;267;112;155
"Winn Parish, Louisiana";14134;7575;6559;2968;1497;1471;8540;4919;3621;2626;1159;1467;321;96;225
"Androscoggin County, Maine";107679;52706;54973;23332;11866;11466;65256;32225;33031;19091;8615;10476;2432;860;1572
"Aroostook County, Maine";67111;33186;33925;12226;6306;5920;38689;19474;19215;16196;7406;8790;2109;698;1411
"Cumberland County, Maine";293557;142464;151093;54796;28058;26738;184600;90669;93931;54161;23737;30424;6963;2264;4699
"Franklin County, Maine";29897;14676;15221;5235;2677;2558;17957;8766;9191;6705;3233;3472;703;275;428
"Hancock County, Maine";54811;26549;28262;9364;4752;4612;31958;15646;16312;13489;6151;7338;1543;518;1025
"Kennebec County, Maine";122083;59519;62564;23566;11994;11572;74167;36442;37725;24350;11083;13267;2991;1091;1900
"Knox County, Maine";39771;19617;20154;7081;3696;3385;22633;11385;11248;10057;4536;5521;1231;453;778
"Lincoln County, Maine";34342;16852;17490;5731;3018;2713;19093;9447;9646;9518;4387;5131;1092;405;687
"Oxford County, Maine";57618;28505;29113;10624;5460;5164;34511;17114;17397;12483;5931;6552;1387;514;873
"Penobscot County, Maine";151096;74754;76342;27394;14144;13250;95498;47819;47679;28204;12791;15413;3586;1321;2265
"Piscataquis County, Maine";16800;8378;8422;2828;1422;1406;9483;4687;4796;4489;2269;2220;528;238;290
"Sagadahoc County, Maine";35634;17314;18320;6819;3490;3329;20934;10205;10729;7881;3619;4262;815;280;535
"Somerset County, Maine";50592;25163;25429;9610;4906;4704;30452;15229;15223;10530;5028;5502;1074;403;671
"Waldo County, Maine";39694;19517;20177;7295;3755;3540;23474;11553;11921;8925;4209;4716;889;338;551
"Washington County, Maine";31490;15567;15923;5938;3041;2897;17865;8912;8953;7687;3614;4073;805;279;526
"York County, Maine";206229;100606;105623;38565;19967;18598;125431;61722;63709;42233;18917;23316;5271;1816;3455
"Allegany County, Maryland";70975;36998;33977;12321;6407;5914;44254;24237;20017;14400;6354;8046;1931;673;1258
"Anne Arundel County, Maryland";576031;285333;290698;128107;65299;62808;363374;182455;180919;84550;37579;46971;9613;3453;6160
"Baltimore County, Maryland";828431;392710;435721;178931;91233;87698;507190;241733;265457;142310;59744;82566;22567;7620;14947
"Calvert County, Maryland";92003;45613;46390;21300;10909;10391;57016;28397;28619;13687;6307;7380;1578;512;1066
"Caroline County, Maryland";33304;16326;16978;7907;3997;3910;19987;9889;10098;5410;2440;2970;614;195;419
"Carroll County, Maryland";168429;83295;85134;36532;18723;17809;103519;51946;51573;28378;12626;15752;3589;1245;2344
"Cecil County, Maryland";102826;51039;51787;23268;11960;11308;63372;31572;31800;16186;7507;8679;1594;564;1030
"Charles County, Maryland";161503;77776;83727;38703;19744;18959;102602;49222;53380;20198;8810;11388;2015;690;1325
"Dorchester County, Maryland";31998;15211;16787;6752;3490;3262;18335;8622;9713;6911;3099;3812;859;316;543
"Frederick County, Maryland";255648;126126;129522;59180;30355;28825;159496;79420;80076;36972;16351;20621;4720;1468;3252
"Garrett County, Maryland";29163;14389;14774;5426;2798;2628;17213;8568;8645;6524;3023;3501;765;238;527
"Harford County, Maryland";253956;124388;129568;56335;28996;27339;156493;77278;79215;41128;18114;23014;4554;1474;3080
"Howard County, Maryland";323196;158137;165059;78743;40320;38423;199824;97768;102056;44629;20049;24580;4595;1732;2863
"Kent County, Maryland";19383;9242;10141;3066;1537;1529;11140;5373;5767;5177;2332;2845;718;259;459
"Montgomery County, Maryland";1052567;508919;543648;244355;124885;119470;644696;313428;331268;163516;70606;92910;24303;8471;15832
"Prince George's County, Maryland";909308;437746;471562;202301;102794;99507;586407;284961;301446;120600;49991;70609;11829;3883;7946
"Queen Anne's County, Maryland";50251;24945;25306;10820;5528;5292;29969;14970;14999;9462;4447;5015;988;407;581
"St. Mary's County, Maryland";112664;56159;56505;27236;13765;13471;70698;35535;35163;14730;6859;7871;1625;679;946
"Somerset County, Maryland";25675;13878;11797;4385;2243;2142;16938;9613;7325;4352;2022;2330;525;167;358
"Talbot County, Maryland";36968;17461;19507;6715;3410;3305;19449;9256;10193;10804;4795;6009;1536;598;938
"Washington County, Maryland";150926;76833;74093;32969;16836;16133;91951;48484;43467;26006;11513;14493;3616;1306;2310
"Wicomico County, Maryland";103195;48895;54300;22716;11515;11201;64081;30240;33841;16398;7140;9258;1988;693;1295
"Worcester County, Maryland";51823;25127;26696;8903;4522;4381;28499;13977;14522;14421;6628;7793;1619;595;1024
"Baltimore city, Maryland";602495;282375;320120;123177;62373;60804;394931;185955;208976;84387;34047;50340;10662;3348;7314
"Barnstable County, Massachusetts";213413;102092;111321;32172;16339;15833;115942;56887;59055;65299;28866;36433;8640;3135;5505
"Berkshire County, Massachusetts";126348;61187;65161;21362;10887;10475;75588;37153;38435;29398;13147;16251;4283;1474;2809
"Bristol County, Massachusetts";564022;273143;290879;116099;59037;57062;352459;173020;179439;95464;41086;54378;13697;4325;9372
"Dukes County, Massachusetts";17352;8557;8795;3042;1562;1480;10091;5069;5022;4219;1926;2293;428;158;270
"Essex County, Massachusetts";790638;381264;409374;168488;86239;82249;487354;237064;250290;134796;57961;76835;19209;6263;12946
"Franklin County, Massachusetts";70963;34435;36528;12407;6329;6078;42932;21051;21881;15624;7055;8569;1818;606;1212
"Hampden County, Massachusetts";470406;227388;243018;101140;52111;49029;290217;141334;148883;79049;33943;45106;11621;3733;7888
"Hampshire County, Massachusetts";161355;75345;86010;23689;12045;11644;109858;51037;58821;27808;12263;15545;3593;1220;2373
"Middlesex County, Massachusetts";1614714;790488;824226;318831;162865;155966;1049495;520877;528618;246388;106746;139642;35499;12286;23213
"Nantucket County, Massachusetts";11327;5769;5558;2398;1177;1221;7249;3786;3463;1680;806;874;219;87;132
"Norfolk County, Massachusetts";705388;339234;366154;147749;75323;72426;438757;213268;225489;118882;50643;68239;18226;6039;12187
"Plymouth County, Massachusetts";518132;251872;266260;110660;56653;54007;313608;153866;159742;93864;41353;52511;11407;3809;7598
"Suffolk County, Massachusetts";807252;390083;417169;134089;67912;66177;576512;281495;295017;96651;40676;55975;13348;4420;8928
"Worcester County, Massachusetts";830839;409671;421168;174732;89492;85240;526129;262419;263710;129978;57760;72218;17864;5953;11911
"Alcona County, Michigan";10362;5224;5138;1322;664;658;5327;2698;2629;3713;1862;1851;361;146;215
"Alger County, Michigan";9097;5033;4064;1360;679;681;5402;3192;2210;2335;1162;1173;242;86;156
"Allegan County, Michigan";117327;58615;58712;28372;14493;13879;69541;35096;34445;19414;9026;10388;2004;688;1316
"Alpena County, Michigan";28360;13976;14384;5241;2647;2594;16472;8301;8171;6647;3028;3619;897;305;592
"Antrim County, Michigan";23365;11617;11748;4239;2139;2100;12784;6413;6371;6342;3065;3277;675;260;415
"Arenac County, Michigan";15041;7584;7457;2732;1384;1348;8562;4366;4196;3747;1834;1913;381;153;228
"Baraga County, Michigan";8320;4586;3734;1457;713;744;5023;2985;2038;1840;888;952;213;76;137
"Barry County, Michigan";61157;30784;30373;13514;6896;6618;36389;18569;17820;11254;5319;5935;1167;407;760
"Bay County, Michigan";103923;51068;52855;21084;10852;10232;61644;30817;30827;21195;9399;11796;2791;842;1949
"Benzie County, Michigan";17753;8814;8939;3239;1681;1558;9875;4907;4968;4639;2226;2413;527;207;320
"Berrien County, Michigan";154141;75450;78691;33571;17083;16488;90168;44845;45323;30402;13522;16880;3988;1419;2569
"Branch County, Michigan";43622;22485;21137;10111;5107;5004;25579;13734;11845;7932;3644;4288;823;278;545
"Calhoun County, Michigan";134487;65817;68670;30801;15885;14916;79699;39290;40409;23987;10642;13345;3130;1075;2055
"Cass County, Michigan";51653;25919;25734;10646;5506;5140;30145;15265;14880;10862;5148;5714;1000;366;634
"Charlevoix County, Michigan";26244;12988;13256;4955;2492;2463;14890;7465;7425;6399;3031;3368;709;270;439
"Cheboygan County, Michigan";25413;12673;12740;4163;2174;1989;14323;7137;7186;6927;3362;3565;734;280;454
"Chippewa County, Michigan";37517;20711;16806;6877;3500;3377;23898;13947;9951;6742;3264;3478;776;306;470
"Clare County, Michigan";30757;15375;15382;6092;3116;2976;17324;8712;8612;7341;3547;3794;705;272;433
"Clinton County, Michigan";79332;39234;40098;17756;9012;8744;48134;23982;24152;13442;6240;7202;1525;548;977
"Crawford County, Michigan";13901;7062;6839;2486;1274;1212;7845;3980;3865;3570;1808;1762;381;170;211
"Delta County, Michigan";35857;17808;18049;7053;3610;3443;20139;10184;9955;8665;4014;4651;1210;408;802
"Dickinson County, Michigan";25383;12723;12660;5151;2623;2528;14626;7450;7176;5606;2650;2956;893;345;548
"Eaton County, Michigan";109826;53971;55855;22712;11669;11043;66710;33039;33671;20404;9263;11141;2289;849;1440
"Emmet County, Michigan";33308;16414;16894;6375;3287;3088;19428;9623;9805;7505;3504;4001;904;306;598
"Genesee County, Michigan";406892;196242;210650;91550;46877;44673;244206;118348;125858;71136;31017;40119;8874;3102;5772
"Gladwin County, Michigan";25337;12814;12523;4758;2479;2279;13810;7041;6769;6769;3294;3475;663;264;399
"Gogebic County, Michigan";15096;8126;6970;2359;1215;1144;8831;5012;3819;3906;1899;2007;590;200;390
"Grand Traverse County, Michigan";92573;45296;47277;18730;9583;9147;55416;27456;27960;18427;8257;10170;2294;759;1535
"Gratiot County, Michigan";40599;21804;18795;7954;4085;3869;25539;14536;11003;7106;3183;3923;1092;376;716
"Hillsdale County, Michigan";45749;22763;22986;9996;5102;4894;26778;13471;13307;8975;4190;4785;1000;330;670
"Houghton County, Michigan";36219;19588;16631;7236;3713;3523;22645;12867;9778;6338;3008;3330;850;309;541
"Huron County, Michigan";31166;15439;15727;6005;3022;2983;17348;8796;8552;7813;3621;4192;1007;359;648
"Ingham County, Michigan";292735;142571;150164;58406;29663;28743;194870;95711;99159;39459;17197;22262;4752;1587;3165
"Ionia County, Michigan";64210;34441;29769;14277;7301;6976;40456;22705;17751;9477;4435;5042;932;350;582
"Iosco County, Michigan";25081;12437;12644;4109;2067;2042;13551;6804;6747;7421;3566;3855;809;332;477
"Iron County, Michigan";11117;5548;5569;1846;925;921;5869;2980;2889;3402;1643;1759;560;186;374
"Isabella County, Michigan";70562;34331;36231;12146;6186;5960;49507;24124;25383;8909;4021;4888;1032;318;714
"Jackson County, Michigan";158823;81111;77712;34067;17537;16530;96474;50602;45872;28282;12972;15310;3501;1242;2259
"Kalamazoo County, Michigan";264870;129661;135209;57311;29344;27967;167929;83074;84855;39630;17243;22387;5263;1776;3487
"Kalkaska County, Michigan";17824;9146;8678;3743;1939;1804;10454;5377;5077;3627;1830;1797;273;112;161
"Kent County, Michigan";653786;322336;331450;157809;80815;76994;406681;202060;204621;89296;39461;49835;11960;4224;7736
"Keweenaw County, Michigan";2113;1085;1028;313;158;155;1023;523;500;777;404;373;64;22;42
"Lake County, Michigan";11881;6041;5840;1923;980;943;6557;3299;3258;3401;1762;1639;284;130;154
"Lapeer County, Michigan";88028;44635;43393;18175;9359;8816;53890;27745;26145;15963;7531;8432;1510;526;984
"Leelanau County, Michigan";21764;10748;11016;3495;1808;1687;11538;5674;5864;6731;3266;3465;831;342;489
"Lenawee County, Michigan";98266;49663;48603;20713;10681;10032;58908;30573;28335;18645;8409;10236;2142;761;1381
"Livingston County, Michigan";191224;95837;95387;40616;20829;19787;117688;59569;58119;32920;15439;17481;3378;1244;2134
"Luce County, Michigan";6283;3699;2584;1037;554;483;3954;2517;1437;1292;628;664;165;64;101
"Mackinac County, Michigan";10787;5508;5279;1698;863;835;6064;3152;2912;3025;1493;1532;322;114;208
"Macomb County, Michigan";874759;425844;448915;184009;94099;89910;542114;267480;274634;148636;64265;84371;19778;6614;13164
"Manistee County, Michigan";24528;12682;11846;4264;2091;2173;13946;7549;6397;6318;3042;3276;722;281;441
"Marquette County, Michigan";66516;33344;33172;12044;6102;5942;41753;21114;20639;12719;6128;6591;1653;647;1006
"Mason County, Michigan";29100;14447;14653;5889;3045;2844;16357;8200;8157;6854;3202;3652;792;282;510
"Mecosta County, Michigan";43545;21849;21696;7993;4074;3919;27577;14059;13518;7975;3716;4259;778;272;506
"Menominee County, Michigan";22983;11696;11287;4181;2204;1977;13150;6797;6353;5652;2695;2957;772;296;476
"Midland County, Michigan";83209;41035;42174;17679;9039;8640;50254;25248;25006;15276;6748;8528;2182;790;1392
"Missaukee County, Michigan";15113;7682;7431;3474;1796;1678;8540;4388;4152;3099;1498;1601;329;125;204
"Monroe County, Michigan";150439;74251;76188;32193;16321;15872;90984;45598;45386;27262;12332;14930;3290;1072;2218
"Montcalm County, Michigan";63968;33093;30875;14221;7260;6961;38552;20629;17923;11195;5204;5991;1226;444;782
"Montmorency County, Michigan";9265;4722;4543;1390;739;651;4883;2458;2425;2992;1525;1467;308;120;188
"Muskegon County, Michigan";173588;86240;87348;40082;20324;19758;103982;52714;51268;29524;13202;16322;3514;1218;2296
"Newaygo County, Michigan";48892;24542;24350;11024;5586;5438;28511;14426;14085;9357;4530;4827;972;361;611
"Oakland County, Michigan";1259201;617094;642107;264031;135024;129007;783643;389445;394198;211527;92625;118902;27550;9330;18220
"Oceana County, Michigan";26625;13491;13134;6080;3127;2953;15066;7719;7347;5479;2645;2834;550;223;327
"Ogemaw County, Michigan";20952;10439;10513;3880;1983;1897;11658;5839;5819;5414;2617;2797;570;210;360
"Ontonagon County, Michigan";5795;2943;2852;736;372;364;2962;1497;1465;2097;1074;1023;191;67;124
"Osceola County, Michigan";23341;11772;11569;5209;2735;2474;13185;6678;6507;4947;2359;2588;484;175;309
"Oscoda County, Michigan";8276;4242;4034;1610;865;745;4414;2220;2194;2252;1157;1095;213;83;130
"Otsego County, Michigan";24665;12228;12437;5209;2660;2549;14243;7122;7121;5213;2446;2767;596;226;370
"Ottawa County, Michigan";290494;143564;146930;69797;35800;33997;177205;88018;89187;43492;19746;23746;5575;2000;3575
"Presque Isle County, Michigan";12738;6334;6404;2040;1008;1032;6697;3331;3366;4001;1995;2006;522;225;297
"Roscommon County, Michigan";23884;11957;11927;3514;1819;1695;12597;6239;6358;7773;3899;3874;689;298;391
"Saginaw County, Michigan";190800;92674;98126;40727;20831;19896;113290;55775;57515;36783;16068;20715;4978;1708;3270
"St. Clair County, Michigan";159337;79205;80132;33131;17095;16036;96184;48348;47836;30022;13762;16260;3489;1248;2241
"St. Joseph County, Michigan";61043;30446;30597;14907;7638;7269;35153;17824;17329;10983;4984;5999;1330;465;865
"Sanilac County, Michigan";41182;20546;20636;8815;4496;4319;23548;11890;11658;8819;4160;4659;952;394;558
"Schoolcraft County, Michigan";8068;3980;4088;1370;697;673;4536;2244;2292;2162;1039;1123;259;93;166
"Shiawassee County, Michigan";68192;33706;34486;14424;7387;7037;41245;20658;20587;12523;5661;6862;1382;484;898
"Tuscola County, Michigan";52516;26385;26131;10732;5649;5083;31149;15814;15335;10635;4922;5713;1136;409;727
"Van Buren County, Michigan";75448;37451;37997;17518;8946;8572;44263;22108;22155;13667;6397;7270;1497;566;931
"Washtenaw County, Michigan";370963;184083;186880;68932;35208;33724;250654;125796;124858;51377;23079;28298;6013;2129;3884
"Wayne County, Michigan";1753893;844609;909284;414221;211305;202916;1069118;518712;550406;270554;114592;155962;36445;12148;24297
"Wexford County, Michigan";33466;16766;16700;7761;3930;3831;19317;9762;9555;6388;3074;3314;776;301;475
"Aitkin County, Minnesota";15902;8034;7868;2658;1383;1275;7993;4025;3968;5251;2626;2625;535;222;313
"Anoka County, Minnesota";353813;176976;176837;84396;43029;41367;219705;111330;108375;49712;22617;27095;5100;1917;3183
"Becker County, Minnesota";34371;17140;17231;8391;4234;4157;18928;9542;9386;7052;3364;3688;812;308;504
"Beltrami County, Minnesota";46847;23406;23441;11769;6112;5657;27530;13779;13751;7548;3515;4033;1038;401;637
"Benton County, Minnesota";40545;20233;20312;10255;5219;5036;24581;12471;12110;5709;2543;3166;1005;324;681
"Big Stone County, Minnesota";4989;2475;2514;1052;550;502;2613;1338;1275;1324;587;737;268;97;171
"Blue Earth County, Minnesota";67427;33935;33492;13246;6936;6310;44813;22786;22027;9368;4213;5155;1461;477;984
"Brown County, Minnesota";25111;12509;12602;5494;2909;2585;14374;7217;7157;5243;2383;2860;997;337;660
"Carlton County, Minnesota";35837;18690;17147;8042;4118;3924;21659;11743;9916;6136;2829;3307;806;244;562
"Carver County, Minnesota";103551;51395;52156;27701;14127;13574;63407;31646;31761;12443;5622;6821;1562;514;1048
"Cass County, Minnesota";29519;15078;14441;6243;3291;2952;15617;7903;7714;7659;3884;3775;740;292;448
"Chippewa County, Minnesota";11924;5986;5938;2808;1422;1386;6590;3413;3177;2526;1151;1375;430;149;281
"Chisago County, Minnesota";55922;28861;27061;12729;6547;6182;34581;18170;16411;8612;4144;4468;960;345;615
"Clay County, Minnesota";63955;31670;32285;15804;8120;7684;39738;19741;19997;8413;3809;4604;1336;458;878
"Clearwater County, Minnesota";8810;4504;4306;2185;1143;1042;4843;2485;2358;1782;876;906;237;103;134
"Cook County, Minnesota";5393;2698;2695;851;447;404;3002;1492;1510;1540;759;781;163;53;110
"Cottonwood County, Minnesota";11277;5636;5641;2756;1434;1322;5949;3035;2914;2572;1167;1405;454;164;290
"Crow Wing County, Minnesota";64889;32283;32606;14053;7162;6891;36287;18245;18042;14549;6876;7673;1758;645;1113
"Dakota County, Minnesota";425423;209855;215568;103669;53310;50359;261472;129927;131545;60282;26618;33664;7220;2599;4621
"Dodge County, Minnesota";20822;10395;10427;5369;2720;2649;12389;6252;6137;3064;1423;1641;414;148;266
"Douglas County, Minnesota";37964;18993;18971;8182;4157;4025;21131;10769;10362;8651;4067;4584;1248;464;784
"Faribault County, Minnesota";13758;6875;6883;3049;1574;1475;7569;3885;3684;3140;1416;1724;527;172;355
"Fillmore County, Minnesota";21058;10563;10495;5191;2714;2477;11458;5830;5628;4409;2019;2390;775;258;517
"Freeborn County, Minnesota";30444;15158;15286;6677;3460;3217;17025;8668;8357;6742;3030;3712;1065;376;689
"Goodhue County, Minnesota";46403;23012;23391;10293;5231;5062;26986;13605;13381;9124;4176;4948;1369;477;892
"Grant County, Minnesota";6021;3023;2998;1364;695;669;3256;1643;1613;1401;685;716;240;95;145
"Hennepin County, Minnesota";1259428;623200;636228;276541;140383;136158;806099;405060;401039;176788;77757;99031;24636;8637;15999
"Houston County, Minnesota";18578;9328;9250;4035;2115;1920;10551;5329;5222;3992;1884;2108;630;231;399
"Hubbard County, Minnesota";21332;10829;10503;4513;2330;2183;11476;5824;5652;5343;2675;2668;549;244;305
"Isanti County, Minnesota";39966;20210;19756;9395;4862;4533;24147;12405;11742;6424;2943;3481;767;270;497
"Itasca County, Minnesota";45108;22797;22311;9370;4899;4471;25145;12770;12375;10593;5128;5465;1333;529;804
"Jackson County, Minnesota";9911;5073;4838;2140;1114;1026;5554;2918;2636;2217;1041;1176;411;165;246
"Kanabec County, Minnesota";16207;8159;8048;3490;1734;1756;9393;4821;4572;3324;1604;1720;342;127;215
"Kandiyohi County, Minnesota";42855;21576;21279;10514;5469;5045;24280;12390;11890;8061;3717;4344;1259;427;832
"Kittson County, Minnesota";4248;2138;2110;909;466;443;2303;1192;1111;1036;480;556;167;48;119
"Koochiching County, Minnesota";12440;6225;6215;2265;1138;1127;6996;3567;3429;3179;1520;1659;389;143;246
"Lac qui Parle County, Minnesota";6658;3347;3311;1342;704;638;3482;1789;1693;1834;854;980;390;139;251
"Lake County, Minnesota";10658;5488;5170;2005;1088;917;5878;3010;2868;2775;1390;1385;399;168;231
"Lake of the Woods County, Minnesota";3758;1966;1792;715;375;340;2132;1138;994;911;453;458;103;34;69
"Le Sueur County, Minnesota";28494;14369;14125;6808;3499;3309;16699;8519;8180;4987;2351;2636;575;184;391
"Lincoln County, Minnesota";5673;2861;2812;1328;690;638;2937;1541;1396;1408;630;778;302;119;183
"Lyon County, Minnesota";25629;12789;12840;6615;3456;3159;14954;7524;7430;4060;1809;2251;742;241;501
"McLeod County, Minnesota";35873;17925;17948;8254;4226;4028;20903;10670;10233;6716;3029;3687;996;346;650
"Mahnomen County, Minnesota";5519;2781;2738;1748;916;832;2820;1424;1396;951;441;510;132;51;81
"Marshall County, Minnesota";9390;4738;4652;2158;1066;1092;5216;2737;2479;2016;935;1081;360;133;227
"Martin County, Minnesota";19785;9804;9981;4306;2180;2126;10829;5510;5319;4650;2114;2536;897;298;599
"Meeker County, Minnesota";23141;11783;11358;5594;2875;2719;12913;6693;6220;4634;2215;2419;693;266;427
"Mille Lacs County, Minnesota";26139;13139;13000;6292;3252;3040;15060;7678;7382;4787;2209;2578;632;212;420
"Morrison County, Minnesota";33169;16745;16424;7761;3995;3766;18921;9721;9200;6487;3029;3458;957;343;614
"Mower County, Minnesota";40011;20124;19887;10093;5205;4888;22578;11635;10943;7340;3284;4056;1463;499;964
"Murray County, Minnesota";8276;4140;4136;1815;927;888;4350;2186;2164;2111;1027;1084;346;128;218
"Nicollet County, Minnesota";34220;17295;16925;7585;3851;3734;21077;10841;10236;5558;2603;2955;765;277;488
"Nobles County, Minnesota";21924;11300;10624;6004;3044;2960;12335;6597;5738;3585;1659;1926;680;224;456
"Norman County, Minnesota";6475;3262;3213;1559;806;753;3550;1801;1749;1366;655;711;223;75;148
"Olmsted County, Minnesota";156277;76246;80031;38258;19409;18849;93747;46116;47631;24272;10721;13551;3611;1311;2300
"Otter Tail County, Minnesota";58812;29588;29224;12881;6634;6247;31939;16290;15649;13992;6664;7328;2050;721;1329
"Pennington County, Minnesota";14178;7032;7146;3225;1595;1630;8361;4314;4047;2592;1123;1469;430;139;291
"Pine County, Minnesota";29483;15830;13653;5775;3030;2745;17610;9869;7741;6098;2931;3167;696;278;418
"Pipestone County, Minnesota";9047;4406;4641;2336;1192;1144;4815;2434;2381;1896;780;1116;399;114;285
"Polk County, Minnesota";31529;15828;15701;7629;3893;3736;18234;9376;8858;5666;2559;3107;950;262;688
"Pope County, Minnesota";11097;5665;5432;2305;1228;1077;6082;3150;2932;2710;1287;1423;426;156;270
"Ramsey County, Minnesota";550210;268571;281639;128232;65614;62618;342650;168818;173832;79328;34139;45189;11134;3716;7418
"Red Lake County, Minnesota";3999;2042;1957;966;504;462;2196;1135;1061;837;403;434;127;46;81
"Redwood County, Minnesota";15249;7611;7638;3778;1918;1860;8246;4246;4000;3225;1447;1778;584;177;407
"Renville County, Minnesota";14612;7427;7185;3385;1723;1662;8187;4261;3926;3040;1443;1597;544;186;358
"Rice County, Minnesota";66523;33901;32622;14537;7281;7256;41736;21901;19835;10250;4719;5531;1336;462;874
"Rock County, Minnesota";9414;4636;4778;2408;1186;1222;5139;2601;2538;1867;849;1018;333;108;225
"Roseau County, Minnesota";15150;7795;7355;3651;1852;1799;8848;4695;4153;2651;1248;1403;383;118;265
"St. Louis County, Minnesota";199754;100283;99471;38011;19557;18454;122995;62823;60172;38748;17903;20845;5338;1798;3540
"Scott County, Minnesota";147381;73440;73941;40458;20539;19919;90888;45572;45316;16035;7329;8706;1768;659;1109
"Sherburne County, Minnesota";96036;49201;46835;25433;12964;12469;59719;31213;28506;10884;5024;5860;1151;370;781
"Sibley County, Minnesota";15028;7560;7468;3542;1773;1769;8730;4535;4195;2756;1252;1504;434;142;292
"Stearns County, Minnesota";159256;80406;78850;36701;18626;18075;98476;50557;47919;24079;11223;12856;3328;1288;2040
"Steele County, Minnesota";36803;18326;18477;9163;4548;4615;21149;10833;10316;6491;2945;3546;1019;373;646
"Stevens County, Minnesota";9753;4850;4903;2050;1071;979;6017;3023;2994;1686;756;930;357;120;237
"Swift County, Minnesota";9345;4725;4620;2162;1112;1050;5139;2706;2433;2044;907;1137;372;117;255
"Todd County, Minnesota";24582;12672;11910;5852;3096;2756;13436;6965;6471;5294;2611;2683;710;297;413
"Traverse County, Minnesota";3308;1659;1649;693;356;337;1783;925;858;832;378;454;186;61;125
"Wabasha County, Minnesota";21645;10845;10800;4712;2431;2281;12210;6145;6065;4723;2269;2454;643;251;392
"Wadena County, Minnesota";13773;6815;6958;3532;1799;1733;7344;3731;3613;2897;1285;1612;496;142;354
"Waseca County, Minnesota";18691;9008;9683;4332;2206;2126;10959;5216;5743;3400;1586;1814;519;191;328
"Washington County, Minnesota";259201;128076;131125;63678;32303;31375;156617;77985;78632;38906;17788;21118;4580;1667;2913
"Watonwan County, Minnesota";10980;5426;5554;2683;1328;1355;6106;3058;3048;2191;1040;1151;425;170;255
"Wilkin County, Minnesota";6254;3228;3026;1402;756;646;3652;1904;1748;1200;568;632;177;75;102
"Winona County, Minnesota";50825;25133;25692;9158;4584;4574;33036;16540;16496;8631;4009;4622;1189;375;814
"Wright County, Minnesota";136349;68848;67501;38003;19486;18517;81131;41383;39748;17215;7979;9236;1934;726;1208
"Yellow Medicine County, Minnesota";9795;4948;4847;2303;1175;1128;5511;2849;2662;1981;924;1057;397;123;274
"Adams County, Mississippi";31192;16249;14943;6259;3139;3120;19059;10627;8432;5874;2483;3391;739;223;516
"Alcorn County, Mississippi";36925;18024;18901;8406;4265;4141;21706;10838;10868;6813;2921;3892;695;228;467
"Amite County, Mississippi";12326;5967;6359;2526;1266;1260;6904;3388;3516;2896;1313;1583;345;112;233
"Attala County, Mississippi";18365;8698;9667;4621;2227;2394;10223;4912;5311;3521;1559;1962;457;136;321
"Benton County, Mississippi";8271;4100;4171;1793;905;888;4931;2486;2445;1547;709;838;176;59;117
"Bolivar County, Mississippi";31333;14557;16776;7611;3840;3771;18771;8709;10062;4951;2008;2943;502;117;385
"Calhoun County, Mississippi";14436;6942;7494;3376;1750;1626;8328;3999;4329;2732;1193;1539;359;106;253
"Carroll County, Mississippi";9911;5012;4899;1840;913;927;5723;2976;2747;2348;1123;1225;244;94;150
"Chickasaw County, Mississippi";17171;8439;8732;4263;2171;2092;9950;4987;4963;2958;1281;1677;349;103;246
"Choctaw County, Mississippi";8278;4044;4234;1797;939;858;4696;2336;2360;1785;769;1016;203;72;131
"Claiborne County, Mississippi";9002;4265;4737;1888;967;921;5642;2677;2965;1472;621;851;189;53;136
"Clarke County, Mississippi";15604;7297;8307;3437;1670;1767;8977;4246;4731;3190;1381;1809;342;112;230
"Clay County, Mississippi";19386;9080;10306;4372;2180;2192;11434;5371;6063;3580;1529;2051;430;129;301
"Coahoma County, Mississippi";22628;10487;12141;6103;3058;3045;13033;5937;7096;3492;1492;2000;400;141;259
"Copiah County, Mississippi";28543;13737;14806;6555;3318;3237;16953;8211;8742;5035;2208;2827;609;195;414
"Covington County, Mississippi";18853;9184;9669;4639;2387;2252;11029;5394;5635;3185;1403;1782;366;125;241
"DeSoto County, Mississippi";182001;87795;94206;46709;23800;22909;111824;53715;58109;23468;10280;13188;2122;708;1414
"Forrest County, Mississippi";75036;35611;39425;17357;8889;8468;47491;22412;25079;10188;4310;5878;1259;394;865
"Franklin County, Mississippi";7788;3828;3960;1806;936;870;4429;2182;2247;1553;710;843;172;54;118
"George County, Mississippi";24250;12260;11990;6390;3186;3204;14347;7450;6897;3513;1624;1889;231;94;137
"Greene County, Mississippi";13586;7859;5727;2653;1357;1296;8913;5576;3337;2020;926;1094;195;67;128
"Grenada County, Mississippi";21055;10015;11040;5040;2561;2479;12271;5860;6411;3744;1594;2150;399;125;274
"Hancock County, Mississippi";47334;23137;24197;9716;5025;4691;28235;13798;14437;9383;4314;5069;871;335;536
"Harrison County, Mississippi";206650;101231;105419;49416;25240;24176;126330;62095;64235;30904;13896;17008;3113;1138;1975
"Hinds County, Mississippi";237085;110637;126448;57047;29102;27945;146697;67766;78931;33341;13769;19572;4007;1196;2811
"Holmes County, Mississippi";17622;8422;9200;4466;2349;2117;10504;4970;5534;2652;1103;1549;334;108;226
"Humphreys County, Mississippi";8257;3886;4371;2147;1091;1056;4708;2216;2492;1402;579;823;145;30;115
"Issaquena County, Mississippi";1308;774;534;152;79;73;938;598;340;218;97;121;33;14;19
"Itawamba County, Mississippi";23517;11594;11923;5096;2616;2480;14269;7173;7096;4152;1805;2347;481;169;312
"Jackson County, Mississippi";143277;70502;72775;33416;17251;16165;87140;42854;44286;22721;10397;12324;2062;789;1273
"Jasper County, Mississippi";16428;7947;8481;3696;1882;1814;9380;4531;4849;3352;1534;1818;338;138;200
"Jefferson County, Mississippi";7106;3489;3617;1607;792;815;4300;2207;2093;1199;490;709;171;54;117
"Jefferson Davis County, Mississippi";11234;5315;5919;2215;1146;1069;6469;3083;3386;2550;1086;1464;312;89;223
"Jones County, Mississippi";68461;33256;35205;17176;8864;8312;39708;19352;20356;11577;5040;6537;1342;456;886
"Kemper County, Mississippi";10027;5021;5006;1821;948;873;6181;3179;3002;2025;894;1131;314;94;220
"Lafayette County, Mississippi";54793;26552;28241;9919;4929;4990;37945;18594;19351;6929;3029;3900;710;204;506
"Lamar County, Mississippi";62447;30001;32446;15448;7799;7649;38396;18392;20004;8603;3810;4793;903;332;571
"Lauderdale County, Mississippi";75317;36501;38816;17636;8888;8748;44609;22019;22590;13072;5594;7478;1629;502;1127
"Lawrence County, Mississippi";12455;6044;6411;3045;1540;1505;7170;3495;3675;2240;1009;1231;202;79;123
"Leake County, Mississippi";22763;11752;11011;5835;3418;2417;13209;6712;6497;3719;1622;2097;456;157;299
"Lee County, Mississippi";85202;40726;44476;21542;10992;10550;51062;24480;26582;12598;5254;7344;1408;404;1004
"Leflore County, Mississippi";28919;13483;15436;7969;4029;3940;16779;7734;9045;4171;1720;2451;565;155;410
"Lincoln County, Mississippi";34205;16296;17909;8042;4095;3947;20282;9723;10559;5881;2478;3403;679;221;458
"Lowndes County, Mississippi";58930;28055;30875;13890;7189;6701;35688;16898;18790;9352;3968;5384;1154;331;823
"Madison County, Mississippi";105630;50599;55031;26414;13459;12955;65173;31071;34102;14043;6069;7974;1468;424;1044
"Marion County, Mississippi";24715;11946;12769;5718;2861;2857;14406;7116;7290;4591;1969;2622;620;188;432
"Marshall County, Mississippi";35451;17596;17855;7435;3772;3663;21802;11102;10700;6214;2722;3492;605;192;413
"Monroe County, Mississippi";35564;16944;18620;8054;4029;4025;20679;10015;10664;6831;2900;3931;804;245;559
"Montgomery County, Mississippi";10023;4784;5239;2264;1127;1137;5590;2700;2890;2169;957;1212;279;84;195
"Neshoba County, Mississippi";29125;13866;15259;8105;4075;4030;16412;7755;8657;4608;2036;2572;558;181;377
"Newton County, Mississippi";21443;10259;11184;5407;2693;2714;12451;6038;6413;3585;1528;2057;424;132;292
"Noxubee County, Mississippi";10535;4968;5567;2569;1293;1276;6242;2938;3304;1724;737;987;224;64;160
"Oktibbeha County, Mississippi";49599;24736;24863;8829;4504;4325;35060;17733;17327;5710;2499;3211;755;263;492
"Panola County, Mississippi";34178;16423;17755;8463;4321;4142;20336;9736;10600;5379;2366;3013;570;208;362
"Pearl River County, Mississippi";55387;27264;28123;12517;6362;6155;32475;16104;16371;10395;4798;5597;974;361;613
"Perry County, Mississippi";11931;5833;6098;2684;1406;1278;7068;3457;3611;2179;970;1209;227;80;147
"Pike County, Mississippi";39563;18653;20910;10244;5111;5133;22486;10631;11855;6833;2911;3922;801;259;542
"Pontotoc County, Mississippi";31833;15572;16261;8455;4276;4179;18615;9176;9439;4763;2120;2643;585;201;384
"Prentiss County, Mississippi";25315;12417;12898;5610;2949;2661;15102;7572;7530;4603;1896;2707;590;175;415
"Quitman County, Mississippi";7051;3277;3774;1607;818;789;4220;1962;2258;1224;497;727;143;46;97
"Rankin County, Mississippi";153902;74073;79829;35671;18065;17606;94692;45911;48781;23539;10097;13442;2568;858;1710
"Scott County, Mississippi";28287;13883;14404;7563;4000;3563;16464;8118;8346;4260;1765;2495;488;148;340
"Sharkey County, Mississippi";4377;2091;2286;1056;567;489;2483;1142;1341;838;382;456;128;44;84
"Simpson County, Mississippi";26758;12986;13772;6324;3251;3073;15728;7647;8081;4706;2088;2618;509;191;318
"Smith County, Mississippi";16002;7689;8313;3693;1846;1847;9171;4462;4709;3138;1381;1757;369;120;249
"Stone County, Mississippi";18717;9455;9262;3958;2039;1919;11768;5979;5789;2991;1437;1554;224;87;137
"Sunflower County, Mississippi";25735;13737;11998;5694;2874;2820;16523;9384;7139;3518;1479;2039;408;109;299
"Tallahatchie County, Mississippi";13987;7776;6211;2747;1341;1406;9150;5552;3598;2090;883;1207;262;82;180
"Tate County, Mississippi";28759;13850;14909;6537;3317;3220;17423;8424;8999;4799;2109;2690;479;145;334
"Tippah County, Mississippi";21995;10718;11277;5378;2718;2660;12980;6403;6577;3637;1597;2040;338;118;220
"Tishomingo County, Mississippi";19454;9452;10002;4178;2159;2019;11307;5540;5767;3969;1753;2216;384;131;253
"Tunica County, Mississippi";9944;4650;5294;2911;1465;1446;5818;2657;3161;1215;528;687;110;37;73
"Union County, Mississippi";28606;14016;14590;7129;3602;3527;16692;8293;8399;4785;2121;2664;583;202;381
"Walthall County, Mississippi";14465;6968;7497;3301;1654;1647;8324;4059;4265;2840;1255;1585;371;133;238
"Warren County, Mississippi";46176;21990;24186;11028;5620;5408;27483;12995;14488;7665;3375;4290;787;235;552
"Washington County, Mississippi";45063;20889;24174;11611;5800;5811;26312;12137;14175;7140;2952;4188;740;201;539
"Wayne County, Mississippi";20298;9749;10549;4965;2515;2450;11860;5698;6162;3473;1536;1937;360;122;238
"Webster County, Mississippi";9788;4779;5009;2320;1202;1118;5730;2836;2894;1738;741;997;190;54;136
"Wilkinson County, Mississippi";8792;4714;4078;1867;950;917;5412;3104;2308;1513;660;853;204;63;141
"Winston County, Mississippi";18165;8867;9298;4114;2132;1982;10423;5152;5271;3628;1583;2045;452;164;288
"Yalobusha County, Mississippi";12392;5934;6458;2776;1431;1345;7142;3384;3758;2474;1119;1355;234;71;163
"Yazoo County, Mississippi";28248;16261;11987;6207;3217;2990;18279;11465;6814;3762;1579;2183;514;145;369
"Adair County, Missouri";25339;12194;13145;4655;2385;2270;16929;8120;8809;3755;1689;2066;526;180;346
"Andrew County, Missouri";17607;8746;8861;4034;2060;1974;10320;5192;5128;3253;1494;1759;417;131;286
"Atchison County, Missouri";5171;2572;2599;1037;541;496;2819;1427;1392;1315;604;711;198;52;146
"Audrain County, Missouri";25473;11687;13786;5827;3089;2738;15094;6644;8450;4552;1954;2598;555;141;414
"Barry County, Missouri";35886;18147;17739;8141;4313;3828;20357;10323;10034;7388;3511;3877;781;317;464
"Barton County, Missouri";11798;5807;5991;2751;1430;1321;6624;3303;3321;2423;1074;1349;347;121;226
"Bates County, Missouri";16320;8069;8251;3805;1943;1862;9351;4729;4622;3164;1397;1767;380;128;252
"Benton County, Missouri";19278;9663;9615;3328;1697;1631;10011;5036;4975;5939;2930;3009;565;234;331
"Bollinger County, Missouri";12169;6120;6049;2578;1372;1206;7089;3576;3513;2502;1172;1330;257;90;167
"Boone County, Missouri";180005;87247;92758;36565;18794;17771;121382;58624;62758;22058;9829;12229;2743;932;1811
"Buchanan County, Missouri";88571;44705;43866;19933;10214;9719;54363;28366;25997;14275;6125;8150;1939;627;1312
"Butler County, Missouri";42639;20715;21924;10012;5201;4811;24606;11976;12630;8021;3538;4483;935;357;578
"Caldwell County, Missouri";9108;4620;4488;2165;1160;1005;5141;2609;2532;1802;851;951;229;78;151
"Callaway County, Missouri";44889;22949;21940;9401;4819;4582;28184;14632;13552;7304;3498;3806;800;269;531
"Camden County, Missouri";45815;22792;23023;8111;4144;3967;24799;12194;12605;12905;6454;6451;1020;437;583
"Cape Girardeau County, Missouri";78753;38191;40562;16776;8579;8197;48698;23855;24843;13279;5757;7522;1837;612;1225
"Carroll County, Missouri";8743;4247;4496;2015;1003;1012;4822;2390;2432;1906;854;1052;243;93;150
"Carter County, Missouri";6054;2926;3128;1420;689;731;3427;1690;1737;1207;547;660;132;52;80
"Cass County, Missouri";104954;51161;53793;25369;12938;12431;61893;30520;31373;17692;7703;9989;2234;811;1423
"Cedar County, Missouri";14165;7075;7090;3411;1784;1627;7446;3766;3680;3308;1525;1783;395;140;255
"Chariton County, Missouri";7451;3699;3752;1698;880;818;3991;2010;1981;1762;809;953;327;121;206
"Christian County, Missouri";86983;42666;44317;21985;11309;10676;51327;25113;26214;13671;6244;7427;1395;536;859
"Clark County, Missouri";6842;3495;3347;1565;835;730;3854;1997;1857;1423;663;760;207;72;135
"Clay County, Missouri";246365;120984;125381;59326;30335;28991;152268;75346;76922;34771;15303;19468;3924;1382;2542
"Clinton County, Missouri";20470;10296;10174;4808;2493;2315;11959;6025;5934;3703;1778;1925;499;215;284
"Cole County, Missouri";76796;38795;38001;17106;8671;8435;46956;24544;22412;12734;5580;7154;1608;500;1108
"Cooper County, Missouri";17603;9196;8407;3762;1908;1854;10686;5883;4803;3155;1405;1750;459;156;303
"Crawford County, Missouri";23957;11883;12074;5426;2712;2714;13820;6961;6859;4711;2210;2501;536;186;350
"Dade County, Missouri";7569;3866;3703;1558;862;696;4221;2137;2084;1790;867;923;222;76;146
"Dallas County, Missouri";16762;8364;8398;3959;2013;1946;9405;4745;4660;3398;1606;1792;408;149;259
"Daviess County, Missouri";8313;4193;4120;2116;1094;1022;4498;2271;2227;1699;828;871;188;74;114
"DeKalb County, Missouri";12630;7905;4725;2173;1136;1037;8355;5770;2585;2102;999;1103;331;109;222
"Dent County, Missouri";15441;7691;7750;3461;1769;1692;8621;4368;4253;3359;1554;1805;424;161;263
"Douglas County, Missouri";13373;6692;6681;2919;1496;1423;7200;3633;3567;3254;1563;1691;369;152;217
"Dunklin County, Missouri";29423;14075;15348;7526;3846;3680;16389;7909;8480;5508;2320;3188;707;226;481
"Franklin County, Missouri";103670;51520;52150;23823;12243;11580;61849;31125;30724;17998;8152;9846;2010;708;1302
"Gasconade County, Missouri";14705;7340;7365;3029;1610;1419;8332;4229;4103;3344;1501;1843;493;160;333
"Gentry County, Missouri";6628;3198;3430;1640;790;850;3671;1827;1844;1317;581;736;243;77;166
"Greene County, Missouri";291923;141855;150068;60957;31278;29679;182881;90253;92628;48085;20324;27761;6791;2278;4513
"Grundy County, Missouri";9914;4824;5090;2377;1212;1165;5397;2705;2692;2140;907;1233;345;104;241
"Harrison County, Missouri";8414;4155;4259;2034;1057;977;4490;2258;2232;1890;840;1050;329;98;231
"Henry County, Missouri";21792;10691;11101;4795;2425;2370;12259;6095;6164;4738;2171;2567;562;195;367
"Hickory County, Missouri";9509;4700;4809;1633;829;804;4759;2318;2441;3117;1553;1564;301;131;170
"Holt County, Missouri";4404;2154;2250;913;446;467;2385;1189;1196;1106;519;587;203;59;144
"Howard County, Missouri";10137;5064;5073;2199;1143;1056;5985;3020;2965;1953;901;1052;265;100;165
"Howell County, Missouri";40076;19500;20576;9540;4830;4710;22584;11099;11485;7952;3571;4381;1024;354;670
"Iron County, Missouri";10177;5069;5108;2131;1113;1018;5869;2938;2931;2177;1018;1159;256;83;173
"Jackson County, Missouri";700307;338751;361556;164979;83800;81179;430673;210168;220505;104655;44783;59872;13786;4676;9110
"Jasper County, Missouri";120636;58923;61713;30127;15331;14796;71646;35415;36231;18863;8177;10686;2416;795;1621
"Jefferson County, Missouri";224347;111370;112977;51958;26602;25356;138753;69532;69221;33636;15236;18400;3033;1099;1934
"Johnson County, Missouri";53652;27578;26074;11436;5858;5578;35426;18493;16933;6790;3227;3563;849;351;498
"Knox County, Missouri";3947;1974;1973;917;491;426;2159;1094;1065;871;389;482;126;46;80
"Laclede County, Missouri";35713;17552;18161;8827;4474;4353;20513;10206;10307;6373;2872;3501;695;270;425
"Lafayette County, Missouri";32598;16169;16429;7471;3869;3602;18977;9490;9487;6150;2810;3340;910;313;597
"Lawrence County, Missouri";38359;19039;19320;9667;4952;4715;21674;10842;10832;7018;3245;3773;1001;421;580
"Lewis County, Missouri";9855;4950;4905;2173;1140;1033;5860;2972;2888;1822;838;984;257;91;166
"Lincoln County, Missouri";57686;28843;28843;14658;7554;7104;35288;17639;17649;7740;3650;4090;812;295;517
"Linn County, Missouri";12037;5868;6169;2834;1450;1384;6660;3312;3348;2543;1106;1437;371;112;259
"Livingston County, Missouri";15146;6589;8557;3168;1607;1561;9063;3727;5336;2915;1255;1660;526;166;360
"McDonald County, Missouri";23078;11647;11431;5951;3055;2896;13600;6914;6686;3527;1678;1849;312;116;196
"Macon County, Missouri";15153;7505;7648;3470;1772;1698;8236;4180;4056;3447;1553;1894;498;163;335
"Madison County, Missouri";12188;5961;6227;2820;1466;1354;7038;3450;3588;2330;1045;1285;289;119;170
"Maries County, Missouri";8769;4401;4368;1780;898;882;5106;2601;2505;1883;902;981;229;104;125
"Marion County, Missouri";28592;13924;14668;6649;3330;3319;16775;8321;8454;5168;2273;2895;767;264;503
"Mercer County, Missouri";3641;1851;1790;867;461;406;1971;998;973;803;392;411;146;54;92
"Miller County, Missouri";25336;12645;12691;5918;2990;2928;14540;7352;7188;4878;2303;2575;606;245;361
"Mississippi County, Missouri";13336;7219;6117;2804;1437;1367;8160;4748;3412;2372;1034;1338;262;61;201
"Moniteau County, Missouri";16121;8567;7554;3933;1975;1958;9645;5413;4232;2543;1179;1364;333;114;219
"Monroe County, Missouri";8664;4388;4276;1895;994;901;4746;2436;2310;2023;958;1065;265;99;166
"Montgomery County, Missouri";11534;5785;5749;2530;1329;1201;6562;3351;3211;2442;1105;1337;379;123;256
"Morgan County, Missouri";20358;10198;10160;4657;2366;2291;10929;5504;5425;4772;2328;2444;502;202;300
"New Madrid County, Missouri";17296;8307;8989;4008;2056;1952;9975;4815;5160;3313;1436;1877;395;127;268
"Newton County, Missouri";58266;29061;29205;13796;7235;6561;33917;17042;16875;10553;4784;5769;1133;419;714
"Nodaway County, Missouri";22304;11244;11060;3537;1842;1695;15363;7879;7484;3404;1523;1881;566;202;364
"Oregon County, Missouri";10541;5180;5361;2378;1208;1170;5705;2840;2865;2458;1132;1326;273;90;183
"Osage County, Missouri";13714;7066;6648;3171;1619;1552;8153;4319;3834;2390;1128;1262;301;102;199
"Ozark County, Missouri";9017;4523;4494;1693;878;815;4724;2349;2375;2600;1296;1304;279;106;173
"Pemiscot County, Missouri";16272;7688;8584;4183;2141;2042;9308;4360;4948;2781;1187;1594;378;93;285
"Perry County, Missouri";19150;9567;9583;4470;2349;2121;11208;5635;5573;3472;1583;1889;480;151;329
"Pettis County, Missouri";42542;21117;21425;10466;5526;4940;24953;12434;12519;7123;3157;3966;1065;369;696
"Phelps County, Missouri";44732;23354;21378;9324;4814;4510;28056;15209;12847;7352;3331;4021;959;370;589
"Pike County, Missouri";18504;10265;8239;4072;2137;1935;11220;6636;4584;3212;1492;1720;396;140;256
"Platte County, Missouri";102985;50760;52225;24501;12396;12105;63515;31528;31987;14969;6836;8133;1675;554;1121
"Polk County, Missouri";32201;15824;16377;7343;3772;3571;19050;9408;9642;5808;2644;3164;756;269;487
"Pulaski County, Missouri";52014;29387;22627;11371;5944;5427;35969;21399;14570;4674;2044;2630;516;170;346
"Putnam County, Missouri";4757;2399;2358;1055;549;506;2535;1300;1235;1167;550;617;162;59;103
"Ralls County, Missouri";10212;5129;5083;2153;1118;1035;5837;2938;2899;2222;1073;1149;205;70;135
"Randolph County, Missouri";24763;12919;11844;5379;2817;2562;15227;8298;6929;4157;1804;2353;540;160;380
"Ray County, Missouri";22883;11430;11453;5143;2670;2473;13496;6846;6650;4244;1914;2330;496;158;338
"Reynolds County, Missouri";6254;3221;3033;1221;661;560;3584;1846;1738;1449;714;735;185;76;109
"Ripley County, Missouri";13401;6656;6745;3075;1585;1490;7592;3787;3805;2734;1284;1450;315;131;184
"St. Charles County, Missouri";399182;196224;202958;92666;47211;45455;245737;122237;123500;60779;26776;34003;7198;2576;4622
"St. Clair County, Missouri";9395;4721;4674;1878;960;918;4979;2548;2431;2538;1213;1325;333;119;214
"Ste. Genevieve County, Missouri";17888;9067;8821;3880;2011;1869;10523;5378;5145;3485;1678;1807;445;192;253
"St. Francois County, Missouri";66692;35620;31072;14102;7116;6986;41625;23585;18040;10965;4919;6046;1245;406;839
"St. Louis County, Missouri";996945;472887;524058;219527;111892;107635;597208;285404;311804;180210;75591;104619;26980;9004;17976
"Saline County, Missouri";22895;11420;11475;5120;2618;2502;13593;6959;6634;4182;1843;2339;596;175;421
"Schuyler County, Missouri";4599;2284;2315;1156;583;573;2533;1281;1252;910;420;490;129;47;82
"Scotland County, Missouri";4966;2457;2509;1463;738;725;2604;1317;1287;899;402;497;132;38;94
"Scott County, Missouri";38458;18682;19776;9253;4801;4452;22265;10853;11412;6940;3028;3912;805;276;529
"Shannon County, Missouri";8189;4097;4092;1759;912;847;4620;2349;2271;1810;836;974;179;50;129
"Shelby County, Missouri";6050;3012;3038;1457;777;680;3306;1661;1645;1287;574;713;197;64;133
"Stoddard County, Missouri";29206;14415;14791;6351;3317;3034;17008;8520;8488;5847;2578;3269;813;274;539
"Stone County, Missouri";31749;15553;16196;5207;2645;2562;16705;8171;8534;9837;4737;5100;802;332;470
"Sullivan County, Missouri";6221;3195;3026;1396;760;636;3566;1863;1703;1259;572;687;146;41;105
"Taney County, Missouri";55852;27022;28830;11774;6065;5709;31970;15446;16524;12108;5511;6597;1232;478;754
"Texas County, Missouri";25571;13430;12141;5432;2791;2641;14748;8155;6593;5391;2484;2907;704;279;425
"Vernon County, Missouri";20528;10037;10491;4841;2529;2312;11710;5685;6025;3977;1823;2154;581;232;349
"Warren County, Missouri";34711;17325;17386;8254;4196;4058;20354;10242;10112;6103;2887;3216;646;254;392
"Washington County, Missouri";24943;12838;12105;5688;2841;2847;15094;8037;7057;4161;1960;2201;396;167;229
"Wayne County, Missouri";13122;6454;6668;2698;1345;1353;7338;3638;3700;3086;1471;1615;303;132;171
"Webster County, Missouri";39109;19965;19144;10663;5528;5135;22432;11608;10824;6014;2829;3185;617;232;385
"Worth County, Missouri";2040;984;1056;415;197;218;1120;565;555;505;222;283;92;26;66
"Wright County, Missouri";18378;9025;9353;4703;2379;2324;10045;5007;5038;3630;1639;1991;463;156;307
"St. Louis city, Missouri";302838;146552;156286;57526;29254;28272;203822;99732;104090;41490;17566;23924;5446;1671;3775
"Beaverhead County, Montana";9404;4834;4570;1637;844;793;5697;2926;2771;2070;1064;1006;237;103;134
"Big Horn County, Montana";13338;6641;6697;4479;2340;2139;7152;3494;3658;1707;807;900;145;64;81
"Blaine County, Montana";6807;3420;3387;2015;1034;981;3743;1925;1818;1049;461;588;144;50;94
"Broadwater County, Montana";6085;3115;2970;1211;610;601;3434;1757;1677;1440;748;692;128;53;75
"Carbon County, Montana";10714;5419;5295;1869;941;928;6083;3094;2989;2762;1384;1378;308;138;170
"Carter County, Montana";1238;615;623;252;131;121;667;332;335;319;152;167;52;15;37
"Cascade County, Montana";81643;41285;40358;18289;9540;8749;48194;24741;23453;15160;7004;8156;1998;777;1221
"Chouteau County, Montana";5745;2872;2873;1338;667;671;3236;1639;1597;1171;566;605;147;62;85
"Custer County, Montana";11586;5806;5780;2472;1308;1164;6801;3441;3360;2313;1057;1256;352;141;211
"Daniels County, Montana";1747;901;846;374;200;174;910;481;429;463;220;243;94;34;60
"Dawson County, Montana";8680;4472;4208;1884;969;915;5072;2682;2390;1724;821;903;280;101;179
"Deer Lodge County, Montana";9131;4878;4253;1311;688;623;5637;3106;2531;2183;1084;1099;217;83;134
"Fallon County, Montana";2920;1479;1441;791;396;395;1635;854;781;494;229;265;73;19;54
"Fergus County, Montana";11113;5698;5415;2317;1236;1081;6072;3118;2954;2724;1344;1380;345;140;205
"Flathead County, Montana";102106;50896;51210;22475;11693;10782;59682;29508;30174;19949;9695;10254;1963;770;1193
"Gallatin County, Montana";111876;58096;53780;22425;11353;11072;75305;39901;35404;14146;6842;7304;1477;567;910
"Garfield County, Montana";1268;639;629;281;138;143;692;340;352;295;161;134;22;10;12
"Glacier County, Montana";13747;6658;7089;4289;2088;2201;7805;3821;3984;1653;749;904;205;81;124
"Golden Valley County, Montana";826;413;413;175;91;84;427;207;220;224;115;109;26;18;8
"Granite County, Montana";3378;1723;1655;517;247;270;1829;932;897;1032;544;488;103;48;55
"Hill County, Montana";16347;8216;8131;4519;2264;2255;9342;4763;4579;2486;1189;1297;312;109;203
"Jefferson County, Montana";12097;6111;5986;2466;1227;1239;7037;3528;3509;2594;1356;1238;162;70;92
"Judith Basin County, Montana";1952;1009;943;378;194;184;1045;540;505;529;275;254;58;29;29
"Lake County, Montana";30250;14927;15323;7062;3635;3427;16506;7995;8511;6682;3297;3385;716;307;409
"Lewis and Clark County, Montana";68700;33960;34740;14770;7560;7210;41027;20289;20738;12903;6111;6792;1464;487;977
"Liberty County, Montana";2430;1172;1258;516;270;246;1414;671;743;500;231;269;107;44;63
"Lincoln County, Montana";19794;9985;9809;3609;1871;1738;10515;5201;5314;5670;2913;2757;494;220;274
"McCone County, Montana";1675;860;815;339;174;165;898;469;429;438;217;221;51;23;28
"Madison County, Montana";8768;4692;4076;1369;691;678;4925;2705;2220;2474;1296;1178;241;96;145
"Meagher County, Montana";1866;943;923;361;200;161;932;450;482;573;293;280;71;21;50
"Mineral County, Montana";4316;2200;2116;781;393;388;2288;1154;1134;1247;653;594;105;43;62
"Missoula County, Montana";118791;59514;59277;22315;11403;10912;77970;39256;38714;18506;8855;9651;1850;702;1148
"Musselshell County, Montana";4651;2342;2309;864;455;409;2552;1265;1287;1235;622;613;123;57;66
"Park County, Montana";16736;8436;8300;2945;1545;1400;9992;5023;4969;3799;1868;1931;403;179;224
"Petroleum County, Montana";513;279;234;92;57;35;293;152;141;128;70;58;16;10;6
"Phillips County, Montana";4074;2047;2027;968;505;463;2196;1106;1090;910;436;474;138;56;82
"Pondera County, Montana";5972;2975;2997;1432;743;689;3321;1655;1666;1219;577;642;231;81;150
"Powder River County, Montana";1716;850;866;287;147;140;963;468;495;466;235;231;70;24;46
"Powell County, Montana";6968;4351;2617;1020;498;522;4512;3112;1400;1436;741;695;162;64;98
"Prairie County, Montana";1087;553;534;188;97;91;553;287;266;346;169;177;54;26;28
"Ravalli County, Montana";43172;21410;21762;8246;4241;4005;23788;11794;11994;11138;5375;5763;1027;417;610
"Richland County, Montana";10913;5694;5219;2757;1401;1356;6524;3484;3040;1632;809;823;189;77;112
"Roosevelt County, Montana";11059;5528;5531;3705;1913;1792;6088;3031;3057;1266;584;682;151;40;111
"Rosebud County, Montana";9063;4564;4499;2624;1344;1280;5008;2525;2483;1431;695;736;139;59;80
"Sanders County, Montana";11844;6070;5774;2076;1098;978;6067;3038;3029;3701;1934;1767;323;142;181
"Sheridan County, Montana";3424;1735;1689;698;379;319;1952;982;970;774;374;400;121;50;71
"Silver Bow County, Montana";34993;17567;17426;7087;3626;3461;21239;10862;10377;6667;3079;3588;847;280;567
"Stillwater County, Montana";9534;4882;4652;2076;1111;965;5298;2688;2610;2160;1083;1077;176;63;113
"Sweet Grass County, Montana";3710;1895;1815;734;378;356;1990;1009;981;986;508;478;144;58;86
"Teton County, Montana";6162;3032;3130;1500;752;748;3264;1612;1652;1398;668;730;216;81;135
"Toole County, Montana";4853;2711;2142;1000;511;489;2957;1776;1181;896;424;472;155;56;99
"Treasure County, Montana";679;340;339;142;67;75;343;179;164;194;94;100;23;11;12
"Valley County, Montana";7437;3727;3710;1703;871;832;3996;2042;1954;1738;814;924;281;105;176
"Wheatland County, Montana";2236;1151;1085;554;296;258;1148;607;541;534;248;286;79;29;50
"Wibaux County, Montana";1034;535;499;221;119;102;562;300;262;251;116;135;33;13;20
"Yellowstone County, Montana";160137;78729;81408;37629;19101;18528;95391;47392;47999;27117;12236;14881;3647;1259;2388
"Adams County, Nebraska";31511;15706;15805;7460;3741;3719;18315;9403;8912;5736;2562;3174;860;311;549
"Antelope County, Nebraska";6336;3184;3152;1511;787;724;3332;1709;1623;1493;688;805;227;77;150
"Arthur County, Nebraska";465;230;235;120;61;59;243;121;122;102;48;54;7;4;3
"Banner County, Nebraska";730;350;380;172;75;97;384;184;200;174;91;83;17;7;10
"Blaine County, Nebraska";476;240;236;91;51;40;264;128;136;121;61;60;14;8;6
"Boone County, Nebraska";5239;2623;2616;1216;609;607;2827;1483;1344;1196;531;665;237;70;167
"Box Butte County, Nebraska";10772;5356;5416;2704;1355;1349;6026;3053;2973;2042;948;1094;308;113;195
"Boyd County, Nebraska";1955;981;974;371;181;190;986;518;468;598;282;316;111;38;73
"Brown County, Nebraska";2973;1450;1523;633;321;312;1564;773;791;776;356;420;125;45;80
"Buffalo County, Nebraska";49615;24823;24792;11637;6089;5548;30781;15524;15257;7197;3210;3987;1046;338;708
"Burt County, Nebraska";6488;3220;3268;1452;759;693;3470;1752;1718;1566;709;857;277;91;186
"Butler County, Nebraska";8058;4074;3984;1868;920;948;4503;2379;2124;1687;775;912;270;93;177
"Cass County, Nebraska";26159;13179;12980;6299;3315;2984;15283;7713;7570;4577;2151;2426;544;180;364
"Cedar County, Nebraska";8446;4275;4171;2150;1149;1001;4488;2287;2201;1808;839;969;341;119;222
"Chase County, Nebraska";3977;1970;2007;1018;523;495;2145;1083;1062;814;364;450;158;48;110
"Cherry County, Nebraska";5761;2921;2840;1354;710;644;3151;1624;1527;1256;587;669;200;74;126
"Cheyenne County, Nebraska";9310;4682;4628;2184;1114;1070;5318;2746;2572;1808;822;986;298;104;194
"Clay County, Nebraska";6214;3190;3024;1533;806;727;3419;1754;1665;1262;630;632;203;81;122
"Colfax County, Nebraska";10881;5796;5085;3230;1567;1663;6186;3534;2652;1465;695;770;232;72;160
"Cuming County, Nebraska";8940;4479;4461;2211;1122;1089;4764;2456;2308;1965;901;1064;390;134;256
"Custer County, Nebraska";10840;5396;5444;2599;1313;1286;5810;2954;2856;2431;1129;1302;412;141;271
"Dakota County, Nebraska";20083;10177;9906;5729;2971;2758;11619;5939;5680;2735;1267;1468;301;102;199
"Dawes County, Nebraska";8716;4348;4368;1531;779;752;5569;2822;2747;1616;747;869;275;96;179
"Dawson County, Nebraska";23709;12326;11383;6453;3367;3086;13309;7119;6190;3947;1840;2107;577;219;358
"Deuel County, Nebraska";1825;905;920;396;198;198;1000;505;495;429;202;227;50;22;28
"Dixon County, Nebraska";5709;2908;2801;1459;771;688;3104;1598;1506;1146;539;607;139;34;105
"Dodge County, Nebraska";36791;18257;18534;8983;4561;4422;20731;10539;10192;7077;3157;3920;1239;457;782
"Douglas County, Nebraska";566880;279878;287002;145250;74253;70997;347878;173383;174495;73752;32242;41510;9141;3179;5962
"Dundy County, Nebraska";1770;885;885;339;182;157;984;500;484;447;203;244;82;33;49
"Fillmore County, Nebraska";5527;2764;2763;1098;546;552;3179;1645;1534;1250;573;677;215;84;131
"Franklin County, Nebraska";3023;1488;1535;586;307;279;1584;788;796;853;393;460;126;46;80
"Frontier County, Nebraska";2608;1333;1275;494;275;219;1491;769;722;623;289;334;97;33;64
"Furnas County, Nebraska";4715;2348;2367;1030;527;503;2504;1304;1200;1181;517;664;170;51;119
"Gage County, Nebraska";21493;10735;10758;4839;2523;2316;12181;6185;5996;4473;2027;2446;776;298;478
"Garden County, Nebraska";1897;992;905;372;220;152;995;526;469;530;246;284;73;31;42
"Garfield County, Nebraska";1987;992;995;365;181;184;1051;545;506;571;266;305;102;27;75
"Gosper County, Nebraska";1996;1023;973;447;247;200;1072;545;527;477;231;246;80;27;53
"Grant County, Nebraska";660;349;311;162;87;75;349;185;164;149;77;72;6;4;2
"Greeley County, Nebraska";2356;1160;1196;536;268;268;1216;598;618;604;294;310;116;37;79
"Hall County, Nebraska";61607;31080;30527;16920;8809;8111;35537;18128;17409;9150;4143;5007;1327;493;834
"Hamilton County, Nebraska";9280;4658;4622;2234;1181;1053;5199;2601;2598;1847;876;971;282;100;182
"Harlan County, Nebraska";3401;1762;1639;721;399;322;1789;920;869;891;443;448;131;52;79
"Hayes County, Nebraska";916;474;442;206;103;103;458;242;216;252;129;123;47;23;24
"Hitchcock County, Nebraska";2806;1413;1393;640;333;307;1455;748;707;711;332;379;112;44;68
"Holt County, Nebraska";10178;5088;5090;2559;1308;1251;5422;2762;2660;2197;1018;1179;354;137;217
"Hooker County, Nebraska";682;329;353;151;77;74;323;159;164;208;93;115;51;19;32
"Howard County, Nebraska";6468;3281;3187;1571;844;727;3533;1794;1739;1364;643;721;225;85;140
"Jefferson County, Nebraska";7097;3511;3586;1564;793;771;3835;1946;1889;1698;772;926;276;92;184
"Johnson County, Nebraska";5134;3019;2115;966;480;486;3205;2108;1097;963;431;532;186;56;130
"Kearney County, Nebraska";6544;3264;3280;1611;808;803;3652;1859;1793;1281;597;684;191;74;117
"Keith County, Nebraska";8021;4046;3975;1585;852;733;4294;2172;2122;2142;1022;1120;229;92;137
"Keya Paha County, Nebraska";810;393;417;158;72;86;401;208;193;251;113;138;40;13;27
"Kimball County, Nebraska";3618;1816;1802;781;402;379;1954;1021;933;883;393;490;137;51;86
"Knox County, Nebraska";8419;4167;4252;2039;1010;1029;4302;2234;2068;2078;923;1155;393;134;259
"Lancaster County, Nebraska";317272;159223;158049;72512;37123;35389;200621;102478;98143;44139;19622;24517;5518;1908;3610
"Lincoln County, Nebraska";35185;17409;17776;8259;4175;4084;20121;10170;9951;6805;3064;3741;995;341;654
"Logan County, Nebraska";749;396;353;194;108;86;386;205;181;169;83;86;22;11;11
"Loup County, Nebraska";618;315;303;117;69;48;336;170;166;165;76;89;12;2;10
"McPherson County, Nebraska";492;251;241;91;49;42;282;142;140;119;60;59;18;8;10
"Madison County, Nebraska";35392;17509;17883;8969;4450;4519;20780;10556;10224;5643;2503;3140;1018;383;635
"Merrick County, Nebraska";7733;3875;3858;1744;871;873;4399;2249;2150;1590;755;835;255;95;160
"Morrill County, Nebraska";4686;2405;2281;1081;563;518;2612;1347;1265;993;495;498;147;59;88
"Nance County, Nebraska";3532;1754;1778;791;411;380;1986;1031;955;755;312;443;140;48;92
"Nemaha County, Nebraska";6958;3479;3479;1508;785;723;4053;2030;2023;1397;664;733;207;71;136
"Nuckolls County, Nebraska";4195;2085;2110;838;429;409;2220;1139;1081;1137;517;620;196;78;118
"Otoe County, Nebraska";15985;7929;8056;3834;1953;1881;9041;4600;4441;3110;1376;1734;580;190;390
"Pawnee County, Nebraska";2632;1296;1336;569;297;272;1308;649;659;755;350;405;158;62;96
"Perkins County, Nebraska";2929;1492;1437;733;374;359;1509;789;720;687;329;358;126;47;79
"Phelps County, Nebraska";8996;4511;4485;2137;1115;1022;4995;2588;2407;1864;808;1056;326;117;209
"Pierce County, Nebraska";7142;3615;3527;1761;882;879;4003;2082;1921;1378;651;727;225;95;130
"Platte County, Nebraska";33363;16904;16459;8696;4491;4205;18940;9791;9149;5727;2622;3105;904;327;577
"Polk County, Nebraska";5278;2605;2673;1195;599;596;2875;1444;1431;1208;562;646;213;74;139
"Red Willow County, Nebraska";10726;5337;5389;2348;1183;1165;6147;3142;3005;2231;1012;1219;381;144;237
"Richardson County, Nebraska";7937;3990;3947;1672;890;782;4307;2188;2119;1958;912;1046;365;139;226
"Rock County, Nebraska";1360;685;675;271;145;126;726;376;350;363;164;199;63;15;48
"Saline County, Nebraska";14350;7344;7006;3613;1837;1776;8582;4517;4065;2155;990;1165;343;114;229
"Sarpy County, Nebraska";184459;92307;92152;50551;25783;24768;112231;56874;55357;21677;9650;12027;2461;860;1601
"Saunders County, Nebraska";21303;10772;10531;5174;2698;2476;12137;6160;5977;3992;1914;2078;496;173;323
"Scotts Bluff County, Nebraska";35989;17515;18474;9001;4588;4413;20139;9986;10153;6849;2941;3908;1129;375;754
"Seward County, Nebraska";17318;8857;8461;4088;2105;1983;10314;5402;4912;2916;1350;1566;430;145;285
"Sheridan County, Nebraska";5190;2546;2644;1149;600;549;2648;1328;1320;1393;618;775;242;86;156
"Sherman County, Nebraska";3038;1492;1546;638;319;319;1577;797;780;823;376;447;132;51;81
"Sioux County, Nebraska";1187;609;578;221;114;107;627;321;306;339;174;165;62;37;25
"Stanton County, Nebraska";5970;3026;2944;1499;780;719;3405;1751;1654;1066;495;571;146;69;77
"Thayer County, Nebraska";5039;2507;2532;1157;572;585;2609;1358;1251;1273;577;696;243;93;150
"Thomas County, Nebraska";720;370;350;172;96;76;361;185;176;187;89;98;21;8;13
"Thurston County, Nebraska";7303;3605;3698;2641;1342;1299;3797;1877;1920;865;386;479;134;52;82
"Valley County, Nebraska";4190;2079;2111;960;482;478;2169;1098;1071;1061;499;562;167;68;99
"Washington County, Nebraska";20667;10357;10310;5017;2591;2426;11977;6055;5922;3673;1711;1962;458;160;298
"Wayne County, Nebraska";9403;4726;4677;1882;988;894;5985;3023;2962;1536;715;821;311;116;195
"Webster County, Nebraska";3533;1758;1775;775;388;387;1948;1013;935;810;357;453;127;43;84
"Wheeler County, Nebraska";805;411;394;156;81;75;441;238;203;208;92;116;32;8;24
"York County, Nebraska";13772;6742;7030;3239;1652;1587;7733;3845;3888;2800;1245;1555;452;177;275
"Churchill County, Nevada";24440;12410;12030;5574;2873;2701;14238;7310;6928;4628;2227;2401;415;163;252
"Clark County, Nevada";2231647;1112805;1118842;517629;264237;253392;1385326;695606;689720;328692;152962;175730;29983;12381;17602
"Douglas County, Nevada";48467;24356;24111;7917;4122;3795;26742;13334;13408;13808;6900;6908;1331;575;756
"Elko County, Nevada";52460;27242;25218;14298;7397;6901;32219;16882;15337;5943;2963;2980;609;242;367
"Esmeralda County, Nevada";826;456;370;126;65;61;396;219;177;304;172;132;42;25;17
"Eureka County, Nevada";2003;1058;945;476;247;229;1201;638;563;326;173;153;30;14;16
"Humboldt County, Nevada";16786;8749;8037;4537;2302;2235;9955;5276;4679;2294;1171;1123;202;85;117
"Lander County, Nevada";5575;2855;2720;1482;735;747;3211;1709;1502;882;411;471;87;27;60
"Lincoln County, Nevada";5201;2791;2410;1031;550;481;2882;1584;1298;1288;657;631;120;50;70
"Lyon County, Nevada";55808;28540;27268;11946;6177;5769;32049;16498;15551;11813;5865;5948;833;370;463
"Mineral County, Nevada";4514;2235;2279;888;468;420;2512;1238;1274;1114;529;585;123;52;71
"Nye County, Nevada";45346;23201;22145;7618;3859;3759;24094;12376;11718;13634;6966;6668;1084;497;587
"Pershing County, Nevada";6666;4294;2372;1086;551;535;4517;3167;1350;1063;576;487;83;36;47
"Storey County, Nevada";4029;2061;1968;486;230;256;2275;1169;1106;1268;662;606;96;37;59
"Washoe County, Nevada";465735;234560;231175;100776;51681;49095;288798;146434;142364;76161;36445;39716;6870;2773;4097
"White Pine County, Nevada";9475;5503;3972;1884;941;943;5889;3683;2206;1702;879;823;198;82;116
"Carson City, Nevada";55414;28439;26975;11243;5704;5539;32910;17595;15315;11261;5140;6121;1256;472;784
"Belknap County, New Hampshire";61022;30141;30881;11281;5749;5532;36236;17988;18248;13505;6404;7101;1653;659;994
"Carroll County, New Hampshire";48779;24201;24578;7659;4022;3637;27508;13559;13949;13612;6620;6992;1529;596;933
"Cheshire County, New Hampshire";76493;37437;39056;13685;6977;6708;47584;23476;24108;15224;6984;8240;1782;621;1161
"Coos County, New Hampshire";31589;16683;14906;5139;2638;2501;18956;10456;8500;7494;3589;3905;992;346;646
"Grafton County, New Hampshire";89786;44377;45409;14522;7471;7051;56698;28191;28507;18566;8715;9851;2393;869;1524
"Hillsborough County, New Hampshire";415247;206632;208615;84629;43338;41291;265270;133920;131350;65348;29374;35974;8478;2898;5580
"Merrimack County, New Hampshire";151132;74440;76692;28949;14628;14321;94617;47454;47163;27566;12358;15208;3719;1218;2501
"Rockingham County, New Hampshire";309176;153319;155857;59995;30841;29154;193643;96988;96655;55538;25490;30048;6336;2226;4110
"Strafford County, New Hampshire";130090;63739;66351;24136;12394;11742;86419;42640;43779;19535;8705;10830;2441;811;1630
"Sullivan County, New Hampshire";43144;21297;21847;8175;4113;4062;25712;12903;12809;9257;4281;4976;1165;379;786
"Atlantic County, New Jersey";265429;128539;136890;56347;28695;27652;161471;78712;82759;47611;21132;26479;5907;2031;3876
"Bergen County, New Jersey";936692;454688;482004;198355;101307;97048;577251;283691;293560;161086;69690;91396;24948;8606;16342
"Burlington County, New Jersey";445384;219438;225946;92652;47203;45449;277331;139526;137805;75401;32709;42692;10193;3576;6617
"Camden County, New Jersey";507078;244608;262470;115090;58747;56343;312580;152245;160335;79408;33616;45792;10958;3538;7420
"Cape May County, New Jersey";92560;45218;47342;16215;8218;7997;51759;25876;25883;24586;11124;13462;2943;1053;1890
"Cumberland County, New Jersey";150972;77018;73954;36107;18258;17849;91812;48696;43116;23053;10064;12989;3021;1092;1929
"Essex County, New Jersey";799767;384964;414803;188977;96381;92596;502258;244227;258031;108532;44356;64176;15721;4924;10797
"Gloucester County, New Jersey";291408;141789;149619;63440;32342;31098;181842;89303;92539;46126;20144;25982;5587;1865;3722
"Hudson County, New Jersey";676061;336666;339395;138221;70375;67846;457920;232929;224991;79920;33362;46558;10392;3428;6964
"Hunterdon County, New Jersey";124714;61767;62947;24097;12321;11776;77512;38728;38784;23105;10718;12387;3021;985;2036
"Mercer County, New Jersey";369811;180955;188856;78695;40301;38394;235116;116792;118324;56000;23862;32138;8195;2665;5530
"Middlesex County, New Jersey";829685;408929;420756;180190;92044;88146;525297;262773;262524;124198;54112;70086;16812;5873;10939
"Monmouth County, New Jersey";621354;302288;319066;131723;67061;64662;380430;187545;192885;109201;47682;61519;15571;5127;10444
"Morris County, New Jersey";494228;242781;251447;104322;53693;50629;305570;151879;153691;84336;37209;47127;12415;4517;7898
"Ocean County, New Jersey";601651;290366;311285;144247;73851;70396;321752;158784;162968;135652;57731;77921;19873;6967;12906
"Passaic County, New Jersey";503310;245542;257768;119860;61093;58767;310237;153133;157104;73213;31316;41897;9778;3221;6557
"Salem County, New Jersey";62607;30717;31890;13379;6855;6524;37591;18660;18931;11637;5202;6435;1706;529;1177
"Somerset County, New Jersey";331164;161879;169285;72515;37204;35311;207031;102465;104566;51618;22210;29408;7891;2482;5409
"Sussex County, New Jersey";140799;69985;70814;27874;14203;13671;88563;44503;44060;24362;11279;13083;2611;877;1734
"Union County, New Jersey";558067;272270;285797;130522;66200;64322;347293;171999;175294;80252;34071;46181;12000;3948;8052
"Warren County, New Jersey";105779;51787;53992;20815;10565;10250;65734;32767;32967;19230;8455;10775;2750;889;1861
"Bernalillo County, New Mexico";678701;332972;345729;147370;75343;72027;420115;208563;211552;111216;49066;62150;13201;4876;8325
"Catron County, New Mexico";3578;1889;1689;437;221;216;1655;843;812;1486;825;661;119;58;61
"Chaves County, New Mexico";64689;32098;32591;17044;8793;8251;37319;18635;18684;10326;4670;5656;1407;527;880
"Cibola County, New Mexico";26746;13666;13080;6309;3174;3135;16131;8548;7583;4306;1944;2362;491;196;295
"Colfax County, New Mexico";12110;6142;5968;2198;1120;1078;6663;3449;3214;3249;1573;1676;368;135;233
"Curry County, New Mexico";49437;25643;23794;12994;6645;6349;30241;16246;13995;6202;2752;3450;810;296;514
"De Baca County, New Mexico";1781;882;899;399;197;202;885;442;443;497;243;254;73;27;46
"Do? Ana County, New Mexico";217522;106762;110760;53231;27057;26174;129953;63718;66235;34338;15987;18351;4032;1684;2348
"Eddy County, New Mexico";57900;29150;28750;15344;7692;7652;34150;17564;16586;8406;3894;4512;1106;406;700
"Grant County, New Mexico";27346;13428;13918;5460;2803;2657;14302;6995;7307;7584;3630;3954;903;364;539
"Guadalupe County, New Mexico";4341;2473;1868;905;489;416;2586;1551;1035;850;433;417;127;59;68
"Harding County, New Mexico";655;335;320;80;38;42;328;177;151;247;120;127;55;34;21
"Hidalgo County, New Mexico";4240;2101;2139;961;477;484;2331;1177;1154;948;447;501;123;45;78
"Lea County, New Mexico";69611;35768;33843;20752;10653;10099;40911;21501;19410;7948;3614;4334;975;361;614
"Lincoln County, New Mexico";19556;9546;10010;3601;1848;1753;10338;5014;5324;5617;2684;2933;519;242;277
"Los Alamos County, New Mexico";19101;9705;9396;4256;2168;2088;11435;5915;5520;3410;1622;1788;453;188;265
"Luna County, New Mexico";23963;12045;11918;6240;3156;3084;12671;6464;6207;5052;2425;2627;592;259;333
"McKinley County, New Mexico";72290;34976;37314;20771;10711;10060;42550;20596;21954;8969;3669;5300;1042;370;672
"Mora County, New Mexico";4506;2304;2202;806;396;410;2404;1231;1173;1296;677;619;154;71;83
"Otero County, New Mexico";66781;34530;32251;15551;7996;7555;39756;21033;18723;11474;5501;5973;1348;525;823
"Quay County, New Mexico";8253;4029;4224;1754;858;896;4398;2168;2230;2101;1003;1098;218;85;133
"Rio Arriba County, New Mexico";39006;19075;19931;9121;4531;4590;22327;11066;11261;7558;3478;4080;830;302;528
"Roosevelt County, New Mexico";18743;9375;9368;4552;2339;2213;11519;5810;5709;2672;1226;1446;321;118;203
"Sandoval County, New Mexico";145179;71144;74035;33748;17301;16447;85675;42085;43590;25756;11758;13998;2419;897;1522
"San Juan County, New Mexico";125043;61898;63145;33054;16748;16306;73304;36743;36561;18685;8407;10278;2245;864;1381
"San Miguel County, New Mexico";27591;13671;13920;5069;2553;2516;16530;8346;8184;5992;2772;3220;564;198;366
"Santa Fe County, New Mexico";150056;72711;77345;26988;13490;13498;86583;42566;44017;36485;16655;19830;3264;1230;2034
"Sierra County, New Mexico";10968;5489;5479;1709;876;833;5253;2588;2665;4006;2025;1981;488;227;261
"Socorro County, New Mexico";16735;8396;8339;3758;1846;1912;9747;5016;4731;3230;1534;1696;340;129;211
"Taos County, New Mexico";32835;16164;16671;5778;2992;2786;18369;9181;9188;8688;3991;4697;870;327;543
"Torrance County, New Mexico";15591;8264;7327;3226;1638;1588;9134;4994;4140;3231;1632;1599;291;129;162
"Union County, New Mexico";4118;2304;1814;776;384;392;2480;1552;928;862;368;494;124;38;86
"Valencia County, New Mexico";76456;38350;38106;17911;9226;8685;45043;22767;22276;13502;6357;7145;1299;559;740
"Albany County, New York";307117;148733;158384;56359;28754;27605;198685;97644;101041;52073;22335;29738;7767;2484;5283
"Allegany County, New York";46430;23569;22861;9390;4906;4484;28225;14432;13793;8815;4231;4584;1056;404;652
"Bronx County, New York";1432132;674900;757232;354692;180414;174278;894065;422417;471648;183375;72069;111306;25827;7711;18116
"Broome County, New York";191659;94240;97419;36990;19106;17884;118127;59194;58933;36542;15940;20602;5908;1981;3927
"Cattaraugus County, New York";76840;38148;38692;16933;8631;8302;45178;22657;22521;14729;6860;7869;1846;644;1202
"Cayuga County, New York";77145;39522;37623;15155;7828;7327;47240;24838;22402;14750;6856;7894;2020;692;1328
"Chautauqua County, New York";127939;63165;64774;25997;13186;12811;76238;38426;37812;25704;11553;14151;3772;1291;2481
"Chemung County, New York";84254;41850;42404;18029;9179;8850;50250;25580;24670;15975;7091;8884;2275;783;1492
"Chenango County, New York";47536;23814;23722;9840;5004;4836;28013;14200;13813;9683;4610;5073;1157;450;707
"Clinton County, New York";80695;41527;39168;14491;7404;7087;52440;27775;24665;13764;6348;7416;1666;618;1048
"Columbia County, New York";59916;30001;29915;10358;5513;4845;35303;17836;17467;14255;6652;7603;1878;732;1146
"Cortland County, New York";47823;23370;24453;9238;4741;4497;30695;15065;15630;7890;3564;4326;1003;339;664
"Delaware County, New York";44527;22496;22031;7352;3733;3619;26273;13476;12797;10902;5287;5615;1332;525;807
"Dutchess County, New York";293718;146277;147441;55149;28291;26858;186936;94837;92099;51633;23149;28484;7147;2554;4593
"Erie County, New York";919719;444942;474777;186092;94697;91395;568575;279526;289049;165052;70719;94333;24150;7885;16265
"Essex County, New York";37300;19255;18045;6062;3157;2905;22495;11928;10567;8743;4170;4573;1104;413;691
"Franklin County, New York";50293;27683;22610;9750;5025;4725;32091;18640;13451;8452;4018;4434;1015;395;620
"Fulton County, New York";53591;26670;26921;10770;5501;5269;32322;16464;15858;10499;4705;5794;1406;435;971
"Genesee County, New York";57511;28611;28900;11699;5915;5784;35062;17868;17194;10750;4828;5922;1532;505;1027
"Greene County, New York";47491;24854;22637;7815;4091;3724;29168;15770;13398;10508;4993;5515;1232;472;760
"Hamilton County, New York";4434;2222;2212;573;287;286;2475;1247;1228;1386;688;698;155;58;97
"Herkimer County, New York";61833;30591;31242;12755;6509;6246;36263;18182;18081;12815;5900;6915;1714;580;1134
"Jefferson County, New York";111755;58764;52991;26798;13692;13106;69681;38155;31526;15276;6917;8359;1940;605;1335
"Kings County, New York";2582830;1223764;1359066;588975;301088;287887;1634609;775942;858667;359246;146734;212512;50414;16753;33661
"Lewis County, New York";26447;13398;13049;6053;3128;2925;15549;7964;7585;4845;2306;2539;617;236;381
"Livingston County, New York";63227;31760;31467;11155;5700;5455;40765;20895;19870;11307;5165;6142;1503;534;969
"Madison County, New York";70795;34933;35862;13463;6876;6587;44377;22022;22355;12955;6035;6920;1559;568;991
"Monroe County, New York";742474;358365;384109;154214;78740;75474;460211;224142;236069;128049;55483;72566;18320;6207;12113
"Montgomery County, New York";49455;24350;25105;11248;5798;5450;29004;14370;14634;9203;4182;5021;1464;496;968
"Nassau County, New York";1358343;661427;696916;291496;149376;142120;825564;407203;418361;241283;104848;136435;38510;13349;25161
"New York County, New York";1628701;771151;857550;233360;117509;115851;1126439;543835;582604;268902;109807;159095;39208;13760;25448
"Niagara County, New York";210433;102493;107940;42064;21341;20723;128260;63404;64856;40109;17748;22361;5596;1867;3729
"Oneida County, New York";229577;114334;115243;48653;24756;23897;137865;70627;67238;43059;18951;24108;6854;2337;4517
"Onondaga County, New York";461809;222674;239135;98024;49897;48127;285150;138469;146681;78635;34308;44327;11631;3935;7696
"Ontario County, New York";109864;53826;56038;22144;11303;10841;65827;32725;33102;21893;9798;12095;2737;899;1838
"Orange County, New York";381951;191531;190420;97160;49929;47231;231250;117966;113284;53541;23636;29905;6652;2277;4375
"Orleans County, New York";40612;20278;20334;7858;4009;3849;25477;12939;12538;7277;3330;3947;860;277;583
"Oswego County, New York";117898;59114;58784;24769;12787;11982;73864;37371;36493;19265;8956;10309;2168;781;1387
"Otsego County, New York";59749;28984;30765;9550;4898;4652;37542;18274;19268;12657;5812;6845;1712;608;1104
"Putnam County, New York";98892;49406;49486;19590;10037;9553;62133;31573;30560;17169;7796;9373;1980;673;1307
"Queens County, New York";2278906;1105389;1173517;458457;234901;223556;1462932;719532;743400;357517;150956;206561;50445;17158;33287
"Rensselaer County, New York";159442;78763;80679;31191;15986;15205;101220;50734;50486;27031;12043;14988;3481;1168;2313
"Richmond County, New York";476179;230765;245414;104038;53302;50736;295088;144230;150858;77053;33233;43820;9719;3221;6498
"Rockland County, New York";325695;159777;165918;91712;46758;44954;182876;91047;91829;51107;21972;29135;7732;2674;5058
"St. Lawrence County, New York";108047;55194;52853;21894;11217;10677;67327;35282;32045;18826;8695;10131;2282;781;1501
"Saratoga County, New York";230163;113980;116183;46168;23571;22597;142267;71474;70793;41728;18935;22793;4941;1749;3192
"Schenectady County, New York";155350;75706;79644;33334;17161;16173;95426;47085;48341;26590;11460;15130;4372;1467;2905
"Schoharie County, New York";31097;15596;15501;5405;2788;2617;18895;9541;9354;6797;3267;3530;744;298;446
"Schuyler County, New York";17912;8930;8982;3438;1770;1668;10652;5335;5317;3822;1825;1997;444;159;285
"Seneca County, New York";34300;18005;16295;6804;3536;3268;20905;11416;9489;6591;3053;3538;820;320;500
"Steuben County, New York";95796;47749;48047;20504;10590;9914;56442;28478;27964;18850;8681;10169;2455;863;1592
"Suffolk County, New York";1481093;729117;751976;313019;159970;153049;918318;459863;458455;249756;109284;140472;34749;12028;22721
"Sullivan County, New York";75498;38865;36633;16001;8202;7799;45259;23796;21463;14238;6867;7371;1399;542;857
"Tioga County, New York";48560;24129;24431;10210;5242;4968;28496;14297;14199;9854;4590;5264;1281;474;807
"Tompkins County, New York";102793;50524;52269;15006;7703;7303;72887;36012;36875;14900;6809;8091;1838;652;1186
"Ulster County, New York";178599;88505;90094;31517;15946;15571;111754;56652;55102;35328;15907;19421;4621;1623;2998
"Warren County, New York";64265;31572;32693;11743;6094;5649;38231;18905;19326;14291;6573;7718;1793;621;1172
"Washington County, New York";61197;31674;29523;11465;5949;5516;37813;20166;17647;11919;5559;6360;1484;538;946
"Wayne County, New York";90064;44703;45361;19198;9710;9488;53864;27022;26842;17002;7971;9031;2022;743;1279
"Westchester County, New York";967612;468720;498892;211912;109354;102558;590692;289400;301292;165008;69966;95042;27639;9332;18307
"Wyoming County, New York";40085;21705;18380;7575;3828;3747;25322;14416;10906;7188;3461;3727;766;279;487
"Yates County, New York";24841;12070;12771;5448;2759;2689;14221;6854;7367;5172;2457;2715;605;219;386
"Alamance County, North Carolina";166436;78937;87499;37015;18977;18038;101294;48149;53145;28127;11811;16316;3680;1231;2449
"Alexander County, North Carolina";37353;19008;18345;7529;3816;3713;22335;11793;10542;7489;3399;4090;735;251;484
"Alleghany County, North Carolina";11161;5528;5633;1944;989;955;6194;3139;3055;3023;1400;1623;351;137;214
"Anson County, North Carolina";24877;12939;11938;4895;2474;2421;15388;8480;6908;4594;1985;2609;512;166;346
"Ashe County, North Carolina";27109;13300;13809;4783;2389;2394;15359;7739;7620;6967;3172;3795;736;235;501
"Avery County, North Carolina";17505;9527;7978;2621;1319;1302;10993;6387;4606;3891;1821;2070;432;156;276
"Beaufort County, North Carolina";47079;22487;24592;9475;4812;4663;26323;12618;13705;11281;5057;6224;1166;376;790
"Bertie County, North Carolina";19026;9599;9427;3350;1764;1586;11297;5981;5316;4379;1854;2525;597;207;390
"Bladen County, North Carolina";33190;15833;17357;6782;3435;3347;19161;9205;9956;7247;3193;4054;740;248;492
"Brunswick County, North Carolina";136744;65301;71443;20873;10698;10175;72801;34089;38712;43070;20514;22556;2918;1119;1799
"Buncombe County, North Carolina";259103;124207;134896;47834;24474;23360;159441;77176;82265;51828;22557;29271;6381;2198;4183
"Burke County, North Carolina";90382;45182;45200;17095;8843;8252;54993;28252;26741;18294;8087;10207;2115;736;1379
"Cabarrus County, North Carolina";211342;102992;108350;54217;27858;26359;129177;63012;66165;27948;12122;15826;2982;1003;1979
"Caldwell County, North Carolina";82029;40637;41392;16490;8471;8019;49237;24828;24409;16302;7338;8964;1510;509;1001
"Camden County, North Carolina";10710;5336;5374;2445;1227;1218;6515;3288;3227;1750;821;929;185;72;113
"Carteret County, North Carolina";69524;34054;35470;12208;6403;5805;39953;19585;20368;17363;8066;9297;1796;698;1098
"Caswell County, North Carolina";22698;11525;11173;4272;2172;2100;13545;7192;6353;4881;2161;2720;508;168;340
"Catawba County, North Carolina";158652;77479;81173;35043;17752;17291;95272;47211;48061;28337;12516;15821;2964;971;1993
"Chatham County, North Carolina";73139;34953;38186;14764;7305;7459;40518;19761;20757;17857;7887;9970;2201;867;1334
"Cherokee County, North Carolina";28383;13832;14551;4769;2466;2303;15217;7427;7790;8397;3939;4458;786;304;482
"Chowan County, North Carolina";14029;6677;7352;2830;1430;1400;7743;3761;3982;3456;1486;1970;425;138;287
"Clay County, North Carolina";11139;5435;5704;1924;1014;910;5751;2827;2924;3464;1594;1870;315;110;205
"Cleveland County, North Carolina";97645;46924;50721;21496;10903;10593;57965;28114;29851;18184;7907;10277;1732;612;1120
"Columbus County, North Carolina";55655;27545;28110;11645;5839;5806;32819;16890;15929;11191;4816;6375;1141;357;784
"Craven County, North Carolina";102912;52028;50884;22231;11139;11092;61081;32133;28948;19600;8756;10844;2326;828;1498
"Cumberland County, North Carolina";332330;164493;167837;82119;41597;40522;210594;106225;104369;39617;16671;22946;4201;1373;2828
"Currituck County, North Carolina";27072;13404;13668;6058;3038;3020;16616;8281;8335;4398;2085;2313;361;134;227
"Dare County, North Carolina";36501;17998;18503;6899;3522;3377;21783;10786;10997;7819;3690;4129;681;267;414
"Davidson County, North Carolina";166614;81509;85105;36559;18786;17773;99678;49151;50527;30377;13572;16805;3199;1118;2081
"Davie County, North Carolina";42733;20849;21884;8979;4608;4371;24710;12162;12548;9044;4079;4965;1188;420;768
"Duplin County, North Carolina";58856;28664;30192;13962;7181;6781;33888;16612;17276;11006;4871;6135;1385;466;919
"Durham County, North Carolina";316739;151221;165518;65824;33423;32401;209445;100428;109017;41470;17370;24100;4883;1566;3317
"Edgecombe County, North Carolina";52005;24036;27969;11711;5949;5762;30041;13853;16188;10253;4234;6019;1203;368;835
"Forsyth County, North Carolina";379099;179783;199316;86957;44344;42613;231525;109702;121823;60617;25737;34880;7544;2490;5054
"Franklin County, North Carolina";67560;33391;34169;14796;7512;7284;41412;20849;20563;11352;5030;6322;1166;380;786
"Gaston County, North Carolina";222846;107389;115457;50208;25556;24652;136851;66586;70265;35787;15247;20540;3914;1233;2681
"Gates County, North Carolina";11573;5731;5842;2347;1230;1117;6886;3431;3455;2340;1070;1270;276;98;178
"Graham County, North Carolina";8484;4239;4245;1694;895;799;4771;2407;2364;2019;937;1082;246;90;156
"Granville County, North Carolina";60115;30635;29480;12272;6336;5936;37550;19683;17867;10293;4616;5677;1092;344;748
"Greene County, North Carolina";21012;11481;9531;4209;2173;2036;13322;7783;5539;3481;1525;1956;395;109;286
"Guilford County, North Carolina";533670;252687;280983;118897;60376;58521;333824;157847;175977;80949;34464;46485;9888;3347;6541
"Halifax County, North Carolina";50574;24282;26292;10830;5496;5334;29265;14358;14907;10479;4428;6051;1235;380;855
"Harnett County, North Carolina";134214;66478;67736;34902;17870;17032;82589;41391;41198;16723;7217;9506;1529;490;1039
"Haywood County, North Carolina";61971;29956;32015;11308;5913;5395;35415;17229;18186;15248;6814;8434;1716;590;1126
"Henderson County, North Carolina";116748;56031;60717;22070;11240;10830;64604;31408;33196;30074;13383;16691;3688;1442;2246
"Hertford County, North Carolina";23659;11623;12036;4467;2260;2207;14513;7424;7089;4679;1939;2740;583;174;409
"Hoke County, North Carolina";54764;27067;27697;14936;7678;7258;34320;16936;17384;5508;2453;3055;445;148;297
"Hyde County, North Carolina";5230;2862;2368;878;441;437;3271;1925;1346;1081;496;585;112;32;80
"Iredell County, North Carolina";178435;87826;90609;41060;20974;20086;109072;54187;54885;28303;12665;15638;2627;875;1752
"Jackson County, North Carolina";43327;21253;22074;7195;3683;3512;27605;13650;13955;8527;3920;4607;800;295;505
"Johnston County, North Carolina";202675;99289;103386;51654;26412;25242;124032;61109;62923;26989;11768;15221;2302;734;1568
"Jones County, North Carolina";9637;4721;4916;1785;931;854;5674;2822;2852;2178;968;1210;249;77;172
"Lee County, North Carolina";61452;30064;31388;14733;7575;7158;36601;18084;18517;10118;4405;5713;1296;435;861
"Lenoir County, North Carolina";55976;26660;29316;12606;6469;6137;32282;15516;16766;11088;4675;6413;1292;447;845
"Lincoln County, North Carolina";83770;41594;42176;17649;9100;8549;51319;25735;25584;14802;6759;8043;1305;440;865
"McDowell County, North Carolina";45507;22711;22796;9164;4843;4321;27026;13677;13349;9317;4191;5126;1020;323;697
"Macon County, North Carolina";35285;17116;18169;6590;3388;3202;18639;9201;9438;10056;4527;5529;1092;415;677
"Madison County, North Carolina";21763;10726;11037;3893;2025;1868;13010;6490;6520;4860;2211;2649;539;173;366
"Martin County, North Carolina";22671;10657;12014;4587;2280;2307;12838;6119;6719;5246;2258;2988;546;183;363
"Mecklenburg County, North Carolina";1093901;526014;567887;257713;130504;127209;713639;344192;369447;122549;51318;71231;14134;4613;9521
"Mitchell County, North Carolina";15000;7393;7607;2740;1402;1338;8519;4267;4252;3741;1724;2017;407;115;292
"Montgomery County, North Carolina";27271;13316;13955;6007;3008;2999;15667;7736;7931;5597;2572;3025;594;194;400
"Moore County, North Carolina";98682;47539;51143;21026;10678;10348;54028;26335;27693;23628;10526;13102;3413;1321;2092
"Nash County, North Carolina";94016;45066;48950;20572;10456;10116;56018;27150;28868;17426;7460;9966;1831;573;1258
"New Hanover County, North Carolina";232274;110744;121530;42800;21895;20905;148263;70918;77345;41211;17931;23280;4659;1601;3058
"Northampton County, North Carolina";19676;9597;10079;3418;1795;1623;11168;5620;5548;5090;2182;2908;660;196;464
"Onslow County, North Carolina";197683;109144;88539;48417;24622;23795;131000;76374;54626;18266;8148;10118;1900;712;1188
"Orange County, North Carolina";146027;69739;76288;28705;14820;13885;96883;45858;51025;20439;9061;11378;2039;698;1341
"Pamlico County, North Carolina";12670;6412;6258;1879;955;924;7012;3682;3330;3779;1775;2004;416;172;244
"Pasquotank County, North Carolina";39639;19393;20246;8822;4535;4287;24127;11978;12149;6690;2880;3810;781;280;501
"Pender County, North Carolina";62162;31012;31150;13781;7054;6727;37191;18783;18408;11190;5175;6015;1034;378;656
"Perquimans County, North Carolina";13422;6452;6970;2462;1227;1235;7357;3589;3768;3603;1636;1967;368;146;222
"Person County, North Carolina";39507;19115;20392;8260;4225;4035;23522;11538;11984;7725;3352;4373;825;251;574
"Pitt County, North Carolina";179914;84481;95433;38347;19693;18654;117778;54600;63178;23789;10188;13601;2636;757;1879
"Polk County, North Carolina";20611;9889;10722;3307;1689;1618;10896;5343;5553;6408;2857;3551;934;335;599
"Randolph County, North Carolina";143351;70703;72648;32263;16536;15727;85648;42785;42863;25440;11382;14058;2668;911;1757
"Richmond County, North Carolina";44887;21990;22897;10265;5301;4964;26566;13201;13365;8056;3488;4568;813;284;529
"Robeson County, North Carolina";131831;63581;68250;32729;16613;16116;79037;38247;40790;20065;8721;11344;1931;612;1319
"Rockingham County, North Carolina";90690;43698;46992;18387;9344;9043;53751;26225;27526;18552;8129;10423;2109;686;1423
"Rowan County, North Carolina";141262;69730;71532;31407;16205;15202;85025;42494;42531;24830;11031;13799;2876;954;1922
"Rutherford County, North Carolina";66826;32232;34594;13786;7007;6779;38619;18843;19776;14421;6382;8039;1552;490;1062
"Sampson County, North Carolina";63626;31415;32211;15461;7979;7482;36829;18587;18242;11336;4849;6487;1310;428;882
"Scotland County, North Carolina";34810;17282;17528;7884;4092;3792;20557;10494;10063;6369;2696;3673;738;219;519
"Stanly County, North Carolina";62075;30979;31096;13388;6845;6543;36954;18892;18062;11733;5242;6491;1238;392;846
"Stokes County, North Carolina";45467;22364;23103;8522;4428;4094;27277;13580;13697;9668;4356;5312;1090;378;712
"Surry County, North Carolina";71948;35001;36947;15195;7712;7483;42009;20838;21171;14744;6451;8293;1778;585;1193
"Swain County, North Carolina";14245;6864;7381;3148;1616;1532;8368;4040;4328;2729;1208;1521;285;107;178
"Transylvania County, North Carolina";34215;16539;17676;5342;2736;2606;18428;9024;9404;10445;4779;5666;1331;521;810
"Tyrrell County, North Carolina";4131;2291;1840;770;394;376;2562;1541;1021;799;356;443;105;32;73
"Union County, North Carolina";235908;115992;119916;63295;32207;31088;142685;70560;72125;29928;13225;16703;2696;857;1839
"Vance County, North Carolina";44582;20839;23743;10521;5327;5194;25817;12067;13750;8244;3445;4799;950;247;703
"Wake County, North Carolina";1092305;531546;560759;261531;132845;128686;703888;343830;360058;126886;54871;72015;13586;4610;8976
"Warren County, North Carolina";19807;9775;10032;3647;1802;1845;11128;5735;5393;5032;2238;2794;633;208;425
"Washington County, North Carolina";11859;5630;6229;2377;1200;1177;6593;3155;3438;2889;1275;1614;352;106;246
"Watauga County, North Carolina";55945;27936;28009;7177;3682;3495;39915;20118;19797;8853;4136;4717;898;312;586
"Wayne County, North Carolina";123248;59930;63318;29181;14817;14364;73801;36500;37301;20266;8613;11653;2211;728;1483
"Wilkes County, North Carolina";68557;33729;34828;14043;7129;6914;39737;20015;19722;14777;6585;8192;1661;579;1082
"Wilson County, North Carolina";81455;38539;42916;18681;9541;9140;47893;22710;25183;14881;6288;8593;1713;530;1183
"Yadkin County, North Carolina";37543;18479;19064;7792;4029;3763;22185;11106;11079;7566;3344;4222;881;297;584
"Yancey County, North Carolina";17903;8800;9103;3269;1743;1526;10027;4969;5058;4607;2088;2519;481;172;309
"Adams County, North Dakota";2294;1135;1159;437;224;213;1218;611;607;639;300;339;123;41;82
"Barnes County, North Dakota";10542;5315;5227;2110;1088;1022;6031;3138;2893;2401;1089;1312;409;131;278
"Benson County, North Dakota";6962;3555;3407;2462;1271;1191;3532;1796;1736;968;488;480;99;53;46
"Billings County, North Dakota";919;501;418;187;93;94;526;291;235;206;117;89;33;17;16
"Bottineau County, North Dakota";6411;3313;3098;1341;681;660;3541;1900;1641;1529;732;797;209;88;121
"Bowman County, North Dakota";3076;1548;1528;755;389;366;1662;847;815;659;312;347;117;43;74
"Burke County, North Dakota";2100;1095;1005;526;268;258;1138;619;519;436;208;228;58;17;41
"Burleigh County, North Dakota";95273;47746;47527;22130;11306;10824;57828;29677;28151;15315;6763;8552;2454;830;1624
"Cass County, North Dakota";181516;91810;89706;40855;20847;20008;118867;61192;57675;21794;9771;12023;3352;1110;2242
"Cavalier County, North Dakota";3829;1958;1871;859;447;412;1938;1029;909;1032;482;550;180;66;114
"Dickey County, North Dakota";4903;2435;2468;1206;621;585;2695;1366;1329;1002;448;554;188;61;127
"Divide County, North Dakota";2283;1194;1089;511;278;233;1195;626;569;577;290;287;106;33;73
"Dunn County, North Dakota";4332;2306;2026;1032;523;509;2610;1438;1172;690;345;345;87;35;52
"Eddy County, North Dakota";2313;1148;1165;545;289;256;1236;629;607;532;230;302;104;25;79
"Emmons County, North Dakota";3295;1672;1623;652;330;322;1724;903;821;919;439;480;168;69;99
"Foster County, North Dakota";3216;1594;1622;680;315;365;1812;955;857;724;324;400;154;54;100
"Golden Valley County, North Dakota";1769;880;889;394;201;193;943;491;452;432;188;244;86;28;58
"Grand Forks County, North Dakota";70770;36545;34225;14927;7615;7312;46866;24888;21978;8977;4042;4935;1295;417;878
"Grant County, North Dakota";2374;1185;1189;488;227;261;1176;605;571;710;353;357;107;49;58
"Griggs County, North Dakota";2232;1149;1083;454;234;220;1104;578;526;674;337;337;118;33;85
"Hettinger County, North Dakota";2514;1218;1296;610;297;313;1340;645;695;564;276;288;103;44;59
"Kidder County, North Dakota";2450;1268;1182;516;265;251;1334;705;629;600;298;302;83;28;55
"LaMoure County, North Dakota";4062;2096;1966;871;478;393;2093;1085;1008;1098;533;565;222;87;135
"Logan County, North Dakota";1903;983;920;438;235;203;971;518;453;494;230;264;87;35;52
"McHenry County, North Dakota";5816;3012;2804;1392;734;658;3237;1712;1525;1187;566;621;183;59;124
"McIntosh County, North Dakota";2585;1261;1324;483;252;231;1309;676;633;793;333;460;195;55;140
"McKenzie County, North Dakota";13632;7277;6355;4292;2244;2048;8092;4423;3669;1248;610;638;156;59;97
"McLean County, North Dakota";9541;4867;4674;2070;1037;1033;5223;2703;2520;2248;1127;1121;259;96;163
"Mercer County, North Dakota";8267;4269;3998;1904;977;927;4771;2549;2222;1592;743;849;235;79;156
"Morton County, North Dakota";31095;15731;15364;7192;3637;3555;18700;9741;8959;5203;2353;2850;880;266;614
"Mountrail County, North Dakota";10218;5482;4736;2743;1384;1359;6282;3513;2769;1193;585;608;135;59;76
"Nelson County, North Dakota";2869;1472;1397;554;272;282;1543;819;724;772;381;391;128;48;80
"Oliver County, North Dakota";1952;1020;932;491;240;251;1028;555;473;433;225;208;53;22;31
"Pembina County, North Dakota";6947;3669;3278;1446;760;686;3894;2094;1800;1607;815;792;293;116;177
"Pierce County, North Dakota";4081;2089;1992;915;457;458;2204;1202;1002;962;430;532;209;64;145
"Ramsey County, North Dakota";11481;5783;5698;2719;1365;1354;6480;3333;3147;2282;1085;1197;376;136;240
"Ransom County, North Dakota";5237;2723;2514;1180;641;539;2976;1544;1432;1081;538;543;230;87;143
"Renville County, North Dakota";2374;1241;1133;538;282;256;1354;722;632;482;237;245;82;30;52
"Richland County, North Dakota";16239;8369;7870;3559;1810;1749;9776;5159;4617;2904;1400;1504;525;200;325
"Rolette County, North Dakota";14301;7121;7180;4857;2501;2356;7773;3854;3919;1671;766;905;169;60;109
"Sargent County, North Dakota";3870;2080;1790;803;425;378;2195;1235;960;872;420;452;120;44;76
"Sheridan County, North Dakota";1349;677;672;256;134;122;656;342;314;437;201;236;89;38;51
"Sioux County, North Dakota";4358;2173;2185;1553;769;784;2452;1233;1219;353;171;182;35;19;16
"Slope County, North Dakota";763;399;364;155;75;80;433;240;193;175;84;91;28;11;17
"Stark County, North Dakota";30997;16051;14946;8355;4293;4062;18438;9861;8577;4204;1897;2307;840;276;564
"Steele County, North Dakota";1903;995;908;414;215;199;1030;546;484;459;234;225;47;21;26
"Stutsman County, North Dakota";20917;10758;10159;4190;2089;2101;12734;6863;5871;3993;1806;2187;684;229;455
"Towner County, North Dakota";2192;1107;1085;463;232;231;1179;626;553;550;249;301;91;23;68
"Traill County, North Dakota";8037;4079;3958;1836;948;888;4626;2411;2215;1575;720;855;308;91;217
"Walsh County, North Dakota";10667;5460;5207;2421;1285;1136;5984;3135;2849;2262;1040;1222;380;133;247
"Ward County, North Dakota";67744;35487;32257;15964;8138;7826;43140;23397;19743;8640;3952;4688;1386;520;866
"Wells County, North Dakota";3957;2006;1951;832;432;400;2026;1056;970;1099;518;581;208;85;123
"Williams County, North Dakota";35350;19043;16307;10135;5161;4974;21827;12303;9524;3388;1579;1809;530;176;354
"Adams County, Ohio";27724;13750;13974;6591;3413;3178;16162;7991;8171;4971;2346;2625;487;173;314
"Allen County, Ohio";102663;51787;50876;23667;12185;11482;60879;31553;29326;18117;8049;10068;2564;827;1737
"Ashland County, Ohio";53745;26466;27279;12098;6204;5894;31591;15677;15914;10056;4585;5471;1308;452;856
"Ashtabula County, Ohio";97493;49141;48352;21521;11113;10408;57383;29498;27885;18589;8530;10059;2277;791;1486
"Athens County, Ohio";65818;32768;33050;9568;4896;4672;47579;24004;23575;8671;3868;4803;888;262;626
"Auglaize County, Ohio";45804;22885;22919;11046;5655;5391;26332;13405;12927;8426;3825;4601;1206;415;791
"Belmont County, Ohio";67505;34507;32998;12769;6558;6211;40664;21696;18968;14072;6253;7819;1974;645;1329
"Brown County, Ohio";43602;21616;21986;9944;5039;4905;25796;12880;12916;7862;3697;4165;875;348;527
"Butler County, Ohio";382378;187579;194799;89730;45789;43941;236472;116822;119650;56176;24968;31208;6701;2377;4324
"Carroll County, Ohio";27081;13557;13524;5695;2964;2731;15666;7935;7731;5720;2658;3062;692;239;453
"Champaign County, Ohio";38754;19307;19447;8579;4393;4186;23142;11723;11419;7033;3191;3842;766;277;489
"Clark County, Ohio";134585;65152;69433;30121;15428;14693;78342;38186;40156;26122;11538;14584;3346;1224;2122
"Clermont County, Ohio";205466;101344;104122;47330;24273;23057;124603;61951;62652;33533;15120;18413;3637;1250;2387
"Clinton County, Ohio";42057;20748;21309;9690;5015;4675;25191;12513;12678;7176;3220;3956;853;297;556
"Columbiana County, Ohio";102665;51934;50731;20873;10709;10164;60742;31700;29042;21050;9525;11525;2664;903;1761
"Coshocton County, Ohio";36629;18159;18470;8685;4557;4128;20813;10384;10429;7131;3218;3913;856;295;561
"Crawford County, Ohio";41550;20314;21236;8968;4564;4404;23860;11925;11935;8722;3825;4897;1121;397;724
"Cuyahoga County, Ohio";1243857;593444;650413;257882;131535;126347;759992;366911;393081;225983;94998;130985;33904;11095;22809
"Darke County, Ohio";51323;25478;25845;12134;6247;5887;29111;14729;14382;10078;4502;5576;1338;455;883
"Defiance County, Ohio";38165;18932;19233;8733;4469;4264;22332;11224;11108;7100;3239;3861;858;282;576
"Delaware County, Ohio";204826;101563;103263;53818;27473;26345;122946;61210;61736;28062;12880;15182;2888;1088;1800
"Erie County, Ohio";74615;36441;38174;15074;7618;7456;43201;21269;21932;16340;7554;8786;2133;855;1278
"Fairfield County, Ohio";155782;77509;78273;37402;19214;18188;93745;47168;46577;24635;11127;13508;2691;980;1711
"Fayette County, Ohio";28666;14095;14571;6693;3415;3278;16882;8431;8451;5091;2249;2842;488;160;328
"Franklin County, Ohio";1310300;640086;670214;304643;154999;149644;848266;418220;430046;157391;66867;90524;18170;6297;11873
"Fulton County, Ohio";42276;21003;21273;9935;5202;4733;24830;12433;12397;7511;3368;4143;1007;333;674
"Gallia County, Ohio";29979;14839;15140;6797;3518;3279;17461;8760;8701;5721;2561;3160;653;203;450
"Geauga County, Ohio";94031;46668;47363;21496;10939;10557;53376;26895;26481;19159;8834;10325;2428;859;1569
"Greene County, Ohio";167995;82804;85191;34671;17875;16796;104495;51889;52606;28829;13040;15789;3597;1283;2314
"Guernsey County, Ohio";39022;19472;19550;8637;4468;4169;22760;11455;11305;7625;3549;4076;855;321;534
"Hamilton County, Ohio";816684;394506;422178;187547;95453;92094;503886;245754;258132;125251;53299;71952;17362;5737;11625
"Hancock County, Ohio";75930;37555;38375;16855;8568;8287;45963;23202;22761;13112;5785;7327;1716;578;1138
"Hardin County, Ohio";31480;15674;15806;7318;3831;3487;19109;9583;9526;5053;2260;2793;600;213;387
"Harrison County, Ohio";15174;7552;7622;3183;1642;1541;8764;4395;4369;3227;1515;1712;394;127;267
"Henry County, Ohio";27086;13378;13708;6286;3149;3137;15745;7930;7815;5055;2299;2756;703;248;455
"Highland County, Ohio";43058;21138;21920;10269;5205;5064;24834;12320;12514;7955;3613;4342;957;351;606
"Hocking County, Ohio";28385;14083;14302;6248;3159;3089;16721;8378;8343;5416;2546;2870;497;195;302
"Holmes County, Ohio";43892;21977;21915;13636;6977;6659;24237;12268;11969;6019;2732;3287;817;290;527
"Huron County, Ohio";58504;28903;29601;14086;7165;6921;34388;17245;17143;10030;4493;5537;1183;419;764
"Jackson County, Ohio";32384;15868;16516;7652;3932;3720;19130;9494;9636;5602;2442;3160;575;175;400
"Jefferson County, Ohio";65767;31955;33812;12596;6498;6098;38998;19131;19867;14173;6326;7847;1738;570;1168
"Knox County, Ohio";61893;30310;31583;14061;7183;6878;36601;18035;18566;11231;5092;6139;1369;504;865
"Lake County, Ohio";230514;112549;117965;46209;23611;22598;138239;68875;69364;46066;20063;26003;6066;1989;4077
"Lawrence County, Ohio";59866;29139;30727;13009;6685;6324;35544;17408;18136;11313;5046;6267;1192;446;746
"Licking County, Ohio";175769;86261;89508;40733;21023;19710;106130;52381;53749;28906;12857;16049;3060;1058;2002
"Logan County, Ohio";45358;22471;22887;10420;5321;5099;26713;13410;13303;8225;3740;4485;912;326;586
"Lorain County, Ohio";309461;152269;157192;68166;34932;33234;184666;92214;92452;56629;25123;31506;7144;2467;4677
"Lucas County, Ohio";429899;208402;221497;98562;50340;48222;261290;127769;133521;70047;30293;39754;9133;3014;6119
"Madison County, Ohio";44413;24092;20321;9117;4621;4496;28433;16349;12084;6863;3122;3741;716;260;456
"Mahoning County, Ohio";229642;112452;117190;45992;23622;22370;135505;68018;67487;48145;20812;27333;7357;2375;4982
"Marion County, Ohio";65256;34658;30598;13671;7028;6643;40007;22427;17580;11578;5203;6375;1459;547;912
"Medina County, Ohio";179146;88684;90462;39987;20512;19475;107169;53518;53651;31990;14654;17336;3583;1268;2315
"Meigs County, Ohio";23106;11391;11715;4932;2519;2413;13584;6766;6818;4590;2106;2484;529;182;347
"Mercer County, Ohio";40959;20660;20299;10531;5420;5111;23143;11905;11238;7285;3335;3950;1080;378;702
"Miami County, Ohio";106222;52324;53898;24389;12453;11936;62060;31046;31014;19773;8825;10948;2216;814;1402
"Monroe County, Ohio";13790;6933;6857;2796;1418;1378;7751;3960;3791;3243;1555;1688;365;120;245
"Montgomery County, Ohio";532331;256382;275949;117543;60146;57397;319205;155604;163601;95583;40632;54951;13316;4510;8806
"Morgan County, Ohio";14604;7284;7320;3060;1571;1489;8425;4233;4192;3119;1480;1639;363;117;246
"Morrow County, Ohio";35112;17495;17617;8013;4072;3941;21044;10624;10420;6055;2799;3256;673;236;437
"Muskingum County, Ohio";86183;41821;44362;19458;9942;9516;51344;25247;26097;15381;6632;8749;1974;672;1302
"Noble County, Ohio";14354;8371;5983;2634;1338;1296;7769;4614;3155;3951;2419;1532;428;138;290
"Ottawa County, Ohio";40769;20227;20542;7572;3779;3793;22999;11584;11415;10198;4864;5334;1197;446;751
"Paulding County, Ohio";18760;9357;9403;4399;2245;2154;10876;5522;5354;3485;1590;1895;404;131;273
"Perry County, Ohio";36033;18051;17982;8443;4326;4117;21648;11004;10644;5942;2721;3221;568;177;391
"Pickaway County, Ohio";58086;30479;27607;12446;6281;6165;36525;20146;16379;9115;4052;5063;1067;391;676
"Pike County, Ohio";28067;13942;14125;6613;3455;3158;16445;8219;8226;5009;2268;2741;637;236;401
"Portage County, Ohio";162927;79918;83009;30531;15602;14929;105602;52012;53590;26794;12304;14490;2966;1137;1829
"Preble County, Ohio";40997;20299;20698;9174;4699;4475;23930;11948;11982;7893;3652;4241;815;300;515
"Putnam County, Ohio";33780;16863;16917;8607;4384;4223;19299;9792;9507;5874;2687;3187;855;307;548
"Richland County, Ohio";121099;61512;59587;26163;13373;12790;71371;37947;33424;23565;10192;13373;3258;1136;2122
"Ross County, Ohio";76931;40281;36650;16271;8348;7923;47808;26156;21652;12852;5777;7075;1287;447;840
"Sandusky County, Ohio";58799;29117;29682;13119;6750;6369;34639;17421;17218;11041;4946;6095;1423;492;931
"Scioto County, Ohio";75502;37285;38217;16334;8340;7994;45376;22900;22476;13792;6045;7747;1720;572;1148
"Seneca County, Ohio";55207;27592;27615;12101;6246;5855;33089;16918;16171;10017;4428;5589;1397;407;990
"Shelby County, Ohio";48627;24423;24204;12077;6273;5804;28509;14487;14022;8041;3663;4378;1046;371;675
"Stark County, Ohio";371574;180539;191035;79684;40872;38812;219597;108035;111562;72293;31632;40661;9813;3284;6529
"Summit County, Ohio";541918;262912;279006;113228;57591;55637;331458;163051;168407;97232;42270;54962;13142;4490;8652
"Trumbull County, Ohio";198627;96722;101905;40788;20879;19909;114908;56887;58021;42931;18956;23975;5727;1996;3731
"Tuscarawas County, Ohio";92176;45484;46692;21060;10817;10243;53041;26751;26290;18075;7916;10159;2513;871;1642
"Union County, Ohio";57835;27731;30104;14311;7312;6999;36408;17201;19207;7116;3218;3898;761;300;461
"Van Wert County, Ohio";28281;14010;14271;6591;3382;3209;16324;8231;8093;5366;2397;2969;753;233;520
"Vinton County, Ohio";13139;6587;6552;2876;1474;1402;7925;4010;3915;2338;1103;1235;207;67;140
"Warren County, Ohio";232173;116699;115474;57270;29341;27929;141257;72231;69026;33646;15127;18519;3755;1332;2423
"Washington County, Ohio";60155;29533;30622;11844;5981;5863;35648;17830;17818;12663;5722;6941;1528;548;980
"Wayne County, Ohio";115967;57649;58318;28090;14484;13606;67150;33787;33363;20727;9378;11349;2706;964;1742
"Williams County, Ohio";36804;18324;18480;8385;4230;4155;21491;11004;10487;6928;3090;3838;943;313;630
"Wood County, Ohio";130696;64394;66302;26642;13712;12930;84056;41768;42288;19998;8914;11084;2534;888;1646
"Wyandot County, Ohio";21935;10903;11032;4957;2554;2403;12705;6429;6276;4273;1920;2353;613;192;421
"Adair County, Oklahoma";22082;11015;11067;5869;2988;2881;12701;6345;6356;3512;1682;1830;336;133;203
"Alfalfa County, Oklahoma";5754;3434;2320;1131;609;522;3494;2281;1213;1129;544;585;169;65;104
"Atoka County, Oklahoma";13838;7200;6638;3109;1614;1495;7983;4321;3662;2746;1265;1481;280;123;157
"Beaver County, Oklahoma";5319;2688;2631;1377;702;675;2893;1484;1409;1049;502;547;150;61;89
"Beckham County, Oklahoma";21709;11653;10056;5317;2714;2603;13278;7554;5724;3114;1385;1729;420;159;261
"Blaine County, Oklahoma";9485;4670;4815;2475;1275;1200;5148;2579;2569;1862;816;1046;261;80;181
"Bryan County, Oklahoma";47192;23069;24123;11054;5616;5438;27661;13643;14018;8477;3810;4667;948;356;592
"Caddo County, Oklahoma";28977;15204;13773;7285;3730;3555;16811;9318;7493;4881;2156;2725;585;205;380
"Canadian County, Oklahoma";144447;71712;72735;37771;19155;18616;87906;44116;43790;18770;8441;10329;1883;666;1217
"Carter County, Oklahoma";48177;23451;24726;12075;6120;5955;27999;13907;14092;8103;3424;4679;1018;287;731
"Cherokee County, Oklahoma";48675;23794;24881;10655;5335;5320;29890;14757;15133;8130;3702;4428;827;326;501
"Choctaw County, Oklahoma";14668;7036;7632;3541;1768;1773;8091;3877;4214;3036;1391;1645;360;132;228
"Cimarron County, Oklahoma";2153;1102;1051;535;292;243;1070;552;518;548;258;290;59;26;33
"Cleveland County, Oklahoma";281669;140424;141245;60612;30944;29668;183398;92826;90572;37659;16654;21005;4168;1528;2640
"Coal County, Oklahoma";5520;2751;2769;1333;711;622;3066;1563;1503;1121;477;644;147;43;104
"Comanche County, Oklahoma";120422;62410;58012;28332;14379;13953;76898;41153;35745;15192;6878;8314;1865;724;1141
"Cotton County, Oklahoma";5776;2840;2936;1299;649;650;3358;1671;1687;1119;520;599;113;40;73
"Craig County, Oklahoma";14306;7328;6978;3154;1595;1559;8352;4499;3853;2800;1234;1566;335;103;232
"Creek County, Oklahoma";71604;35428;36176;17201;8851;8350;41765;20931;20834;12638;5646;6992;1482;513;969
"Custer County, Oklahoma";29036;14446;14590;7244;3654;3590;17774;9061;8713;4018;1731;2287;599;226;373
"Delaware County, Oklahoma";42733;21050;21683;8555;4390;4165;23497;11496;12001;10681;5164;5517;1018;441;577
"Dewey County, Oklahoma";4894;2413;2481;1324;657;667;2668;1357;1311;902;399;503;100;27;73
"Ellis County, Oklahoma";3952;1940;2012;914;448;466;2152;1099;1053;886;393;493;108;27;81
"Garfield County, Oklahoma";60913;30323;30590;15721;8019;7702;35210;17959;17251;9982;4345;5637;1458;532;926
"Garvin County, Oklahoma";27811;13727;14084;6891;3478;3413;15933;8008;7925;4987;2241;2746;601;235;366
"Grady County, Oklahoma";55551;27773;27778;13370;6969;6401;33167;16682;16485;9014;4122;4892;935;335;600
"Grant County, Oklahoma";4326;2145;2181;1029;502;527;2346;1213;1133;951;430;521;136;53;83
"Greer County, Oklahoma";5821;3347;2474;1173;585;588;3612;2321;1291;1036;441;595;176;55;121
"Harmon County, Oklahoma";2664;1273;1391;675;303;372;1464;738;726;525;232;293;80;23;57
"Harper County, Oklahoma";3797;1898;1899;1019;496;523;2092;1102;990;686;300;386;102;36;66
"Haskell County, Oklahoma";12668;6331;6337;2978;1576;1402;7120;3539;3581;2570;1216;1354;283;97;186
"Hughes County, Oklahoma";13335;7182;6153;2900;1528;1372;7926;4559;3367;2509;1095;1414;321;120;201
"Jackson County, Oklahoma";24949;12392;12557;6310;3172;3138;14938;7577;7361;3701;1643;2058;490;175;315
"Jefferson County, Oklahoma";6123;3062;3061;1478;746;732;3338;1719;1619;1307;597;710;147;54;93
"Johnston County, Oklahoma";10949;5416;5533;2573;1326;1247;6247;3092;3155;2129;998;1131;204;80;124
"Kay County, Oklahoma";44161;21932;22229;11091;5677;5414;24531;12489;12042;8539;3766;4773;1183;415;768
"Kingfisher County, Oklahoma";15816;7878;7938;4291;2200;2091;9002;4542;4460;2523;1136;1387;332;114;218
"Kiowa County, Oklahoma";8729;4338;4391;2045;1033;1012;4955;2499;2456;1729;806;923;166;58;108
"Latimer County, Oklahoma";10231;5187;5044;2198;1111;1087;5763;2915;2848;2270;1161;1109;351;181;170
"Le Flore County, Oklahoma";49980;25125;24855;11997;6214;5783;28945;14752;14193;9038;4159;4879;976;367;609
"Lincoln County, Oklahoma";34920;17388;17532;8310;4239;4071;20210;10154;10056;6400;2995;3405;689;291;398
"Logan County, Oklahoma";47291;23438;23853;10869;5572;5297;28961;14277;14684;7461;3589;3872;797;315;482
"Love County, Oklahoma";10134;5052;5082;2461;1214;1247;5738;2885;2853;1935;953;982;194;73;121
"McClain County, Oklahoma";39985;19844;20141;10265;5292;4973;23526;11657;11869;6194;2895;3299;564;223;341
"McCurtain County, Oklahoma";32703;16071;16632;8219;4210;4009;18523;9134;9389;5961;2727;3234;674;246;428
"McIntosh County, Oklahoma";19815;9788;10027;4025;2117;1908;10786;5290;5496;5004;2381;2623;564;216;348
"Major County, Oklahoma";7644;3744;3900;1932;947;985;4112;2085;2027;1600;712;888;213;75;138
"Marshall County, Oklahoma";16806;8230;8576;3880;1929;1951;9276;4579;4697;3650;1722;1928;405;166;239
"Mayes County, Oklahoma";41107;20539;20568;9598;4979;4619;23933;12079;11854;7576;3481;4095;703;267;436
"Murray County, Oklahoma";13953;7014;6939;3213;1718;1495;7986;3992;3994;2754;1304;1450;303;131;172
"Muskogee County, Oklahoma";68362;33301;35061;16639;8452;8187;40290;19862;20428;11433;4987;6446;1385;474;911
"Noble County, Oklahoma";11289;5610;5679;2661;1380;1281;6441;3241;3200;2187;989;1198;269;91;178
"Nowata County, Oklahoma";10218;5095;5123;2328;1194;1134;5928;3006;2922;1962;895;1067;237;103;134
"Okfuskee County, Oklahoma";12098;6523;5575;2732;1420;1312;7222;4089;3133;2144;1014;1130;236;91;145
"Oklahoma County, Oklahoma";792582;388135;404447;203382;103955;99427;480882;237022;243860;108318;47158;61160;13103;4490;8613
"Okmulgee County, Oklahoma";38335;18967;19368;9009;4655;4354;22085;11153;10932;7241;3159;4082;880;313;567
"Osage County, Oklahoma";47014;23567;23447;10217;5217;5000;27411;14007;13404;9386;4343;5043;977;404;573
"Ottawa County, Oklahoma";31175;15313;15862;7643;3973;3670;17812;8797;9015;5720;2543;3177;686;230;456
"Pawnee County, Oklahoma";16390;8125;8265;3878;1990;1888;9348;4670;4678;3164;1465;1699;336;136;200
"Payne County, Oklahoma";82040;41905;40135;15813;8165;7648;55919;29108;26811;10308;4632;5676;1355;546;809
"Pittsburg County, Oklahoma";43877;22362;21515;9745;5016;4729;25342;13359;11983;8790;3987;4803;1049;409;640
"Pontotoc County, Oklahoma";38247;18570;19677;9257;4663;4594;22674;11158;11516;6316;2749;3567;836;297;539
"Pottawatomie County, Oklahoma";72679;34813;37866;17176;8741;8435;43649;20783;22866;11854;5289;6565;1311;472;839
"Pushmataha County, Oklahoma";11179;5489;5690;2477;1262;1215;6130;3054;3076;2572;1173;1399;306;126;180
"Roger Mills County, Oklahoma";3656;1817;1839;922;450;472;1974;1021;953;760;346;414;98;44;54
"Rogers County, Oklahoma";91984;45861;46123;21478;11060;10418;55425;27756;27669;15081;7045;8036;1575;660;915
"Seminole County, Oklahoma";24578;12057;12521;6094;3112;2982;14052;6951;7101;4432;1994;2438;493;163;330
"Sequoyah County, Oklahoma";41179;20267;20912;9421;4823;4598;23956;11869;12087;7802;3575;4227;770;324;446
"Stephens County, Oklahoma";43265;20912;22353;10012;5027;4985;24621;12068;12553;8632;3817;4815;1121;407;714
"Texas County, Oklahoma";20455;10943;9512;5699;2960;2739;12359;6830;5529;2397;1153;1244;283;107;176
"Tillman County, Oklahoma";7348;3706;3642;1700;821;879;4179;2199;1980;1469;686;783;161;63;98
"Tulsa County, Oklahoma";648360;316369;331991;164042;83967;80075;391000;192277;198723;93318;40125;53193;11906;4091;7815
"Wagoner County, Oklahoma";80110;39674;40436;19503;10015;9488;47550;23563;23987;13057;6096;6961;1162;455;707
"Washington County, Oklahoma";51843;25268;26575;12408;6354;6054;29336;14483;14853;10099;4431;5668;1495;549;946
"Washita County, Oklahoma";11127;5522;5605;2819;1461;1358;6301;3179;3122;2007;882;1125;298;90;208
"Woods County, Oklahoma";8897;4746;4151;1809;934;875;5566;3105;2461;1522;707;815;259;96;163
"Woodward County, Oklahoma";20222;10634;9588;4949;2534;2415;12095;6647;5448;3178;1453;1725;331;124;207
"Baker County, Oregon";16006;8146;7860;3135;1625;1510;8644;4425;4219;4227;2096;2131;491;232;259
"Benton County, Oregon";92101;46216;45885;14968;7581;7387;62188;31645;30543;14945;6990;7955;1776;667;1109
"Clackamas County, Oregon";416075;205076;210999;89515;45840;43675;251242;125085;126157;75318;34151;41167;8773;3082;5691
"Clatsop County, Oregon";39764;19655;20109;7594;3814;3780;23252;11612;11640;8918;4229;4689;768;260;508
"Columbia County, Oregon";52377;26190;26187;11067;5644;5423;31501;15873;15628;9809;4673;5136;940;333;607
"Coos County, Oregon";64389;31756;32633;11850;6019;5831;35913;17783;18130;16626;7954;8672;1743;784;959
"Crook County, Oregon";23867;11858;12009;4716;2390;2326;13207;6507;6700;5944;2961;2983;553;238;315
"Curry County, Oregon";22813;11227;11586;3304;1718;1586;11709;5739;5970;7800;3770;4030;778;343;435
"Deschutes County, Oregon";191996;95002;96994;38645;19848;18797;114943;56859;58084;38408;18295;20113;3638;1400;2238
"Douglas County, Oregon";110283;54364;55919;21335;10920;10415;60574;29928;30646;28374;13516;14858;3433;1364;2069
"Gilliam County, Oregon";1894;968;926;368;194;174;999;529;470;527;245;282;89;31;58
"Grant County, Oregon";7176;3587;3589;1271;656;615;3725;1831;1894;2180;1100;1080;281;130;151
"Harney County, Oregon";7329;3738;3591;1502;818;684;4034;2029;2005;1793;891;902;199;77;122
"Hood River County, Oregon";23428;11711;11717;5629;2849;2780;14133;7138;6995;3666;1724;1942;498;154;344
"Jackson County, Oregon";219564;107102;112462;45245;23113;22132;126083;61897;64186;48236;22092;26144;5714;2175;3539
"Jefferson County, Oregon";24192;12478;11714;5680;2902;2778;13798;7267;6531;4714;2309;2405;355;152;203
"Josephine County, Oregon";87393;42681;44712;17118;8823;8295;47566;23387;24179;22709;10471;12238;2642;1029;1613
"Klamath County, Oregon";67653;33817;33836;14706;7541;7165;38607;19346;19261;14340;6930;7410;1415;540;875
"Lake County, Oregon";7879;4201;3678;1513;770;743;4379;2381;1998;1987;1050;937;213;91;122
"Lane County, Oregon";379611;186873;192738;69868;35882;33986;236351;117368;118983;73392;33623;39769;8343;3141;5202
"Lincoln County, Oregon";49388;23815;25573;8358;4285;4073;26988;12987;14001;14042;6543;7499;1257;486;771
"Linn County, Oregon";127335;62960;64375;28679;14758;13921;74985;37173;37812;23671;11029;12642;2537;994;1543
"Malheur County, Oregon";30725;16677;14048;8004;4055;3949;17665;10219;7446;5056;2403;2653;677;270;407
"Marion County, Oregon";346868;172899;173969;85432;43921;41511;207087;104810;102277;54349;24168;30181;6561;2370;4191
"Morrow County, Oregon";11372;5842;5530;3134;1652;1482;6357;3254;3103;1881;936;945;172;92;80
"Multnomah County, Oregon";811880;402182;409698;152901;78357;74544;549899;275516;274383;109080;48309;60771;12489;4163;8326
"Polk County, Oregon";85234;41658;43576;19424;9901;9523;50535;24688;25847;15275;7069;8206;1784;723;1061
"Sherman County, Oregon";1708;880;828;307;154;153;948;492;456;453;234;219;66;39;27
"Tillamook County, Oregon";26787;13561;13226;5062;2656;2406;14816;7567;7249;6909;3338;3571;641;259;382
"Umatilla County, Oregon";77516;40461;37055;19551;9898;9653;45845;24817;21028;12120;5746;6374;1443;549;894
"Union County, Oregon";26461;13158;13303;5955;3104;2851;15168;7515;7653;5338;2539;2799;707;258;449
"Wallowa County, Oregon";7081;3498;3583;1319;687;632;3696;1769;1927;2066;1042;1024;249;102;147
"Wasco County, Oregon";26505;13322;13183;5871;3091;2780;15176;7632;7544;5458;2599;2859;695;235;460
"Washington County, Oregon";597695;295687;302008;136614;69829;66785;380813;191053;189760;80268;34805;45463;9717;3365;6352
"Wheeler County, Oregon";1366;677;689;211;104;107;680;348;332;475;225;250;59;21;38
"Yamhill County, Oregon";107002;53571;53431;23716;12144;11572;64949;33104;31845;18337;8323;10014;2329;863;1466
"Adams County, Pennsylvania";102811;50589;52222;20554;10449;10105;61303;30582;30721;20954;9558;11396;2681;977;1704
"Allegheny County, Pennsylvania";1218452;588896;629556;227749;116308;111441;760326;375217;385109;230377;97371;133006;36013;11829;24184
"Armstrong County, Pennsylvania";65263;32502;32761;12510;6387;6123;38415;19608;18807;14338;6507;7831;1945;699;1246
"Beaver County, Pennsylvania";164742;80005;84737;31988;16272;15716;97342;48420;48922;35412;15313;20099;5154;1700;3454
"Bedford County, Pennsylvania";48176;24000;24176;9366;4811;4555;27792;14132;13660;11018;5057;5961;1507;558;949
"Berks County, Pennsylvania";420152;206740;213412;93834;47865;45969;253966;126602;127364;72352;32273;40079;10627;3692;6935
"Blair County, Pennsylvania";122492;59979;62513;25017;12978;12039;72030;36013;36017;25445;10988;14457;3666;1145;2521
"Bradford County, Pennsylvania";60833;30157;30676;13362;6796;6566;34516;17259;17257;12955;6102;6853;1597;637;960
"Bucks County, Pennsylvania";628195;308395;319800;128216;65666;62550;382919;190419;192500;117060;52310;64750;16455;5757;10698
"Butler County, Pennsylvania";187888;93117;94771;37514;19308;18206;115033;57967;57066;35341;15842;19499;4954;1645;3309
"Cambria County, Pennsylvania";131730;64770;66960;25309;12949;12360;76685;38771;37914;29736;13050;16686;4510;1434;3076
"Cameron County, Pennsylvania";4492;2246;2246;782;413;369;2487;1256;1231;1223;577;646;186;59;127
"Carbon County, Pennsylvania";64227;32037;32190;12375;6271;6104;38227;19454;18773;13625;6312;7313;1637;548;1089
"Centre County, Pennsylvania";162805;85643;77162;24461;12555;11906;115149;62512;52637;23195;10576;12619;3088;1141;1947
"Chester County, Pennsylvania";522046;257214;264832;118139;60138;58001;318572;158820;159752;85335;38256;47079;11338;4092;7246
"Clarion County, Pennsylvania";38779;18984;19795;7233;3691;3542;23943;11826;12117;7603;3467;4136;964;358;606
"Clearfield County, Pennsylvania";79388;41694;37694;14453;7471;6982;48644;26860;21784;16291;7363;8928;2256;752;1504
"Clinton County, Pennsylvania";38684;19036;19648;7814;3971;3843;23638;11770;11868;7232;3295;3937;931;350;581
"Columbia County, Pennsylvania";65456;31534;33922;11582;5818;5764;41094;20113;20981;12780;5603;7177;1756;611;1145
"Crawford County, Pennsylvania";85063;41672;43391;17584;9060;8524;49976;24432;25544;17503;8180;9323;1941;718;1223
"Cumberland County, Pennsylvania";251423;124444;126979;50918;26063;24855;153960;77996;75964;46545;20385;26160;6560;2254;4306
"Dauphin County, Pennsylvania";277097;134218;142879;62355;31677;30678;167740;82195;85545;47002;20346;26656;6159;2039;4120
"Delaware County, Pennsylvania";564751;271816;292935;123908;63416;60492;348236;169159;179077;92607;39241;53366;14639;4810;9829
"Elk County, Pennsylvania";30169;15145;15024;5870;3017;2853;17659;9104;8555;6640;3024;3616;946;312;634
"Erie County, Pennsylvania";272061;134373;137688;58156;29881;28275;165005;82725;82280;48900;21767;27133;6938;2346;4592
"Fayette County, Pennsylvania";130441;64616;65825;25011;12718;12293;77827;39673;38154;27603;12225;15378;3751;1203;2548
"Forest County, Pennsylvania";7279;4985;2294;777;482;295;4857;3653;1204;1645;850;795;142;79;63
"Franklin County, Pennsylvania";154835;76005;78830;34405;17601;16804;90005;44870;45135;30425;13534;16891;4206;1471;2735
"Fulton County, Pennsylvania";14523;7355;7168;2914;1499;1415;8479;4373;4106;3130;1483;1647;304;137;167
"Greene County, Pennsylvania";36506;18903;17603;7075;3626;3449;22535;12091;10444;6896;3186;3710;843;286;557
"Huntingdon County, Pennsylvania";45168;24007;21161;8139;4099;4040;27663;15519;12144;9366;4389;4977;1161;422;739
"Indiana County, Pennsylvania";84501;42325;42176;15312;7941;7371;52709;26880;25829;16480;7504;8976;2152;663;1489
"Jefferson County, Pennsylvania";43641;21732;21909;9181;4701;4480;25263;12837;12426;9197;4194;5003;1276;440;836
"Juniata County, Pennsylvania";24704;12385;12319;5534;2831;2703;14208;7216;6992;4962;2338;2624;666;242;424
"Lackawanna County, Pennsylvania";210793;102330;108463;43243;22350;20893;125489;61878;63611;42061;18102;23959;6408;1886;4522
"Lancaster County, Pennsylvania";543557;266316;277241;127967;65566;62401;318030;157269;160761;97560;43481;54079;15352;5628;9724
"Lawrence County, Pennsylvania";86184;41712;44472;17086;8604;8482;50147;24930;25217;18951;8178;10773;2921;973;1948
"Lebanon County, Pennsylvania";141314;69449;71865;32143;16481;15662;81774;40772;41002;27397;12196;15201;4056;1411;2645
"Lehigh County, Pennsylvania";368100;180188;187912;83207;43042;40165;223386;110310;113076;61507;26836;34671;9033;3012;6021
"Luzerne County, Pennsylvania";317646;157145;160501;62610;31879;30731;191852;98009;93843;63184;27257;35927;9656;2920;6736
"Lycoming County, Pennsylvania";113664;55665;57999;23267;11779;11488;68462;34182;34280;21935;9704;12231;3175;1078;2097
"McKean County, Pennsylvania";40968;21054;19914;8071;4256;3815;24937;13199;11738;7960;3599;4361;1125;399;726
"Mercer County, Pennsylvania";110683;54732;55951;21463;11129;10334;65229;33072;32157;23991;10531;13460;3742;1245;2497
"Mifflin County, Pennsylvania";46222;22636;23586;10256;5207;5049;25932;12993;12939;10034;4436;5598;1380;449;931
"Monroe County, Pennsylvania";169507;83972;85535;33306;17058;16248;107020;53209;53811;29181;13705;15476;2943;1086;1857
"Montgomery County, Pennsylvania";828604;403268;425336;178218;90949;87269;503262;248876;254386;147124;63443;83681;23328;7891;15437
"Montour County, Pennsylvania";18240;8814;9426;3725;1972;1753;10677;5284;5393;3838;1558;2280;649;172;477
"Northampton County, Pennsylvania";304807;149954;154853;60926;31380;29546;185926;93179;92747;57955;25395;32560;9127;3066;6061
"Northumberland County, Pennsylvania";91083;45782;45301;17800;9177;8623;53825;28026;25799;19458;8579;10879;2824;919;1905
"Perry County, Pennsylvania";46139;23328;22811;9874;5207;4667;27734;14071;13663;8531;4050;4481;838;264;574
"Philadelphia County, Pennsylvania";1584138;749572;834566;343970;175049;168921;1023892;487767;536125;216276;86756;129520;30056;9347;20709
"Pike County, Pennsylvania";55933;28368;27565;10041;5236;4805;33151;16948;16203;12741;6184;6557;1258;522;736
"Potter County, Pennsylvania";16622;8285;8337;3387;1715;1672;9235;4692;4543;4000;1878;2122;524;167;357
"Schuylkill County, Pennsylvania";142067;72796;69271;28005;14489;13516;85056;45388;39668;29006;12919;16087;4143;1311;2832
"Snyder County, Pennsylvania";40540;20092;20448;8501;4447;4054;24345;12190;12155;7694;3455;4239;1035;345;690
"Somerset County, Pennsylvania";73952;38648;35304;13224;6706;6518;44193;24376;19817;16535;7566;8969;2442;855;1587
"Sullivan County, Pennsylvania";6071;3176;2895;645;348;297;3708;1996;1712;1718;832;886;205;69;136
"Susquehanna County, Pennsylvania";40589;20465;20124;7498;3820;3678;23487;12094;11393;9604;4551;5053;1106;386;720
"Tioga County, Pennsylvania";40763;20229;20534;8140;4238;3902;23640;11669;11971;8983;4322;4661;1090;460;630
"Union County, Pennsylvania";44785;24342;20443;8127;4188;3939;28568;16563;12005;8090;3591;4499;1293;422;871
"Venango County, Pennsylvania";51266;25342;25924;9962;5152;4810;29809;14985;14824;11495;5205;6290;1563;512;1051
"Warren County, Pennsylvania";39498;19770;19728;7637;3904;3733;22813;11644;11169;9048;4222;4826;1205;465;740
"Washington County, Pennsylvania";207346;101855;105491;40332;20610;19722;124397;62287;62110;42617;18958;23659;5763;1895;3868
"Wayne County, Pennsylvania";51276;27158;24118;8520;4430;4090;30369;16757;13612;12387;5971;6416;1293;481;812
"Westmoreland County, Pennsylvania";350611;171509;179102;64117;32773;31344;206842;103670;103172;79652;35066;44586;11250;3773;7477
"Wyoming County, Pennsylvania";27046;13571;13475;5226;2726;2500;16092;8121;7971;5728;2724;3004;598;202;396
"York County, Pennsylvania";448273;221618;226655;99020;51032;47988;271037;135364;135673;78216;35222;42994;9913;3438;6475
"Bristol County, Rhode Island";48649;23502;25147;9118;4616;4502;29935;14630;15305;9596;4256;5340;1600;591;1009
"Kent County, Rhode Island";163861;79191;84670;30623;15664;14959;102276;50292;51984;30962;13235;17727;4484;1442;3042
"Newport County, Rhode Island";82542;40769;41773;13954;7146;6808;50273;25345;24928;18315;8278;10037;2663;921;1742
"Providence County, Rhode Island";636084;309744;326340;130676;66965;63711;408191;201346;206845;97217;41433;55784;15605;4803;10802
"Washington County, Rhode Island";126179;61126;65053;20842;10613;10229;79173;38664;40509;26164;11849;14315;3500;1180;2320
"Abbeville County, South Carolina";24541;11868;12673;4924;2497;2427;14274;6965;7309;5343;2406;2937;591;208;383
"Aiken County, South Carolina";169401;81847;87554;36849;18786;18063;99651;48313;51338;32901;14748;18153;3502;1190;2312
"Allendale County, South Carolina";8903;4691;4212;1680;860;820;5433;3047;2386;1790;784;1006;187;63;124
"Anderson County, South Carolina";200482;96527;103955;45852;23240;22612;118445;57331;61114;36185;15956;20229;3782;1248;2534
"Bamberg County, South Carolina";14275;6866;7409;2724;1399;1325;8454;4151;4303;3097;1316;1781;419;127;292
"Barnwell County, South Carolina";21112;10069;11043;5036;2546;2490;12203;5829;6374;3873;1694;2179;443;153;290
"Beaufort County, South Carolina";188715;92476;96239;35023;17798;17225;102250;50600;51650;51442;24078;27364;4844;2157;2687
"Berkeley County, South Carolina";221091;109817;111274;52749;26829;25920;137932;69139;68793;30410;13849;16561;2319;891;1428
"Calhoun County, South Carolina";14520;6943;7577;2734;1422;1312;8408;4046;4362;3378;1475;1903;351;111;240
"Charleston County, South Carolina";405905;196403;209502;79933;40728;39205;259351;126338;133013;66621;29337;37284;7173;2522;4651
"Cherokee County, South Carolina";57078;27789;29289;13140;6738;6402;34340;16792;17548;9598;4259;5339;1010;320;690
"Chester County, South Carolina";32251;15529;16722;7244;3706;3538;18952;9167;9785;6055;2656;3399;680;219;461
"Chesterfield County, South Carolina";45754;22259;23495;10032;5040;4992;27327;13512;13815;8395;3707;4688;774;272;502
"Clarendon County, South Carolina";33700;16548;17152;6479;3284;3195;19307;9674;9633;7914;3590;4324;693;274;419
"Colleton County, South Carolina";37660;18131;19529;8390;4290;4100;21675;10374;11301;7595;3467;4128;720;273;447
"Darlington County, South Carolina";66802;31517;35285;14817;7528;7289;39307;18555;20752;12678;5434;7244;1285;388;897
"Dillon County, South Carolina";30599;14515;16084;7743;4038;3705;17756;8329;9427;5100;2148;2952;571;160;411
"Dorchester County, South Carolina";160647;78076;82571;39214;19903;19311;98799;48106;50693;22634;10067;12567;2044;709;1335
"Edgefield County, South Carolina";27052;14524;12528;4894;2469;2425;17084;9709;7375;5074;2346;2728;545;170;375
"Fairfield County, South Carolina";22402;10703;11699;4299;2228;2071;13233;6257;6976;4870;2218;2652;445;142;303
"Florence County, South Carolina";138159;64459;73700;32590;16360;16230;82098;38245;43853;23471;9854;13617;2359;730;1629
"Georgetown County, South Carolina";62249;29460;32789;11438;5898;5540;33521;15687;17834;17290;7875;9415;1420;530;890
"Greenville County, South Carolina";514213;249364;264849;118364;60209;58155;314713;153510;161203;81136;35645;45491;8757;3076;5681
"Greenwood County, South Carolina";70741;32949;37792;15969;8031;7938;41677;19274;22403;13095;5644;7451;1825;630;1195
"Hampton County, South Carolina";19351;9900;9451;4116;2106;2010;11672;6190;5482;3563;1604;1959;374;135;239
"Horry County, South Carolina";344147;165810;178337;61715;31292;30423;200001;95681;104320;82431;38837;43594;6028;2319;3709
"Jasper County, South Carolina";28971;14620;14351;5889;2992;2897;17472;9064;8408;5610;2564;3046;462;160;302
"Kershaw County, South Carolina";65592;31622;33970;15167;7817;7350;38397;18516;19881;12028;5289;6739;1220;386;834
"Lancaster County, South Carolina";95380;46267;49113;20786;10467;10319;54535;26873;27662;20059;8927;11132;1753;678;1075
"Laurens County, South Carolina";66994;32381;34613;14592;7499;7093;39992;19343;20649;12410;5539;6871;1504;478;1026
"Lee County, South Carolina";17142;8813;8329;3453;1790;1663;10542;5669;4873;3147;1354;1793;293;94;199
"Lexington County, South Carolina";295032;143554;151478;68294;34737;33557;180157;88141;92016;46581;20676;25905;4806;1645;3161
"McCormick County, South Carolina";9410;5053;4357;1116;562;554;5007;2894;2113;3287;1597;1690;201;107;94
"Marion County, South Carolina";31039;14230;16809;7082;3578;3504;17795;8149;9646;6162;2503;3659;586;154;432
"Marlboro County, South Carolina";26398;13778;12620;5257;2688;2569;16380;9037;7343;4761;2053;2708;444;130;314
"Newberry County, South Carolina";38520;18793;19727;8404;4228;4176;22564;11241;11323;7552;3324;4228;867;253;614
"Oconee County, South Carolina";78374;38557;39817;15615;7913;7702;44563;22181;22382;18196;8463;9733;1632;578;1054
"Orangeburg County, South Carolina";86934;40548;46386;19044;9569;9475;50776;23666;27110;17114;7313;9801;1889;626;1263
"Pickens County, South Carolina";124937;62214;62723;23712;12100;11612;80565;40828;39737;20660;9286;11374;2339;862;1477
"Richland County, South Carolina";414576;200319;214257;88630;44831;43799;273156;133040;140116;52790;22448;30342;5446;1790;3656
"Saluda County, South Carolina";20544;10416;10128;4450;2321;2129;12034;6245;5789;4060;1850;2210;486;155;331
"Spartanburg County, South Carolina";313888;152188;161700;72501;36881;35620;190575;93076;97499;50812;22231;28581;5062;1667;3395
"Sumter County, South Carolina";106512;51216;55296;25354;12770;12584;63642;31100;32542;17516;7346;10170;1959;643;1316
"Union County, South Carolina";27410;12987;14423;5816;2971;2845;16040;7661;8379;5554;2355;3199;625;181;444
"Williamsburg County, South Carolina";30606;14492;16114;6340;3145;3195;17825;8594;9231;6441;2753;3688;692;187;505
"York County, South Carolina";274118;132238;141880;66495;33774;32721;168387;81118;87269;39236;17346;21890;3568;1197;2371
"Aurora County, South Dakota";2801;1490;1311;695;392;303;1529;821;708;577;277;300;89;36;53
"Beadle County, South Dakota";18883;9619;9264;5208;2721;2487;10466;5420;5046;3209;1478;1731;552;168;384
"Bennett County, South Dakota";3468;1695;1773;1175;586;589;1860;908;952;433;201;232;51;29;22
"Bon Homme County, South Dakota";6980;4131;2849;1418;735;683;4140;2738;1402;1422;658;764;303;105;198
"Brookings County, South Dakota";35232;18287;16945;7223;3775;3448;23814;12574;11240;4195;1938;2257;578;200;378
"Brown County, South Dakota";39316;19322;19994;9416;4710;4706;23153;11701;11452;6747;2911;3836;1143;368;775
"Brule County, South Dakota";5229;2612;2617;1365;706;659;2872;1446;1426;992;460;532;178;60;118
"Buffalo County, South Dakota";2036;1012;1024;802;404;398;1074;542;532;160;66;94;13;5;8
"Butte County, South Dakota";10222;5176;5046;2476;1293;1183;5698;2877;2821;2048;1006;1042;235;87;148
"Campbell County, South Dakota";1377;716;661;219;113;106;768;411;357;390;192;198;68;28;40
"Charles Mix County, South Dakota";9338;4667;4671;2775;1440;1335;4848;2429;2419;1715;798;917;296;108;188
"Clark County, South Dakota";3739;1925;1814;966;492;474;1982;1075;907;791;358;433;115;27;88
"Clay County, South Dakota";14041;7027;7014;2456;1277;1179;9868;4936;4932;1717;814;903;220;57;163
"Codington County, South Dakota";28015;14081;13934;6724;3432;3292;16342;8386;7956;4949;2263;2686;790;297;493
"Corson County, South Dakota";4165;2089;2076;1538;751;787;2156;1113;1043;471;225;246;44;17;27
"Custer County, South Dakota";8726;4337;4389;1343;702;641;4762;2304;2458;2621;1331;1290;231;82;149
"Davison County, South Dakota";19790;9894;9896;4539;2331;2208;11527;5958;5569;3724;1605;2119;725;207;518
"Day County, South Dakota";5505;2807;2698;1241;629;612;2864;1507;1357;1400;671;729;243;80;163
"Deuel County, South Dakota";4337;2243;2094;1032;567;465;2356;1240;1116;949;436;513;143;60;83
"Dewey County, South Dakota";5904;2927;2977;2237;1154;1083;3108;1521;1587;559;252;307;53;21;32
"Douglas County, South Dakota";2935;1452;1483;755;361;394;1473;756;717;707;335;372;148;43;105
"Edmunds County, South Dakota";3875;1939;1936;926;460;466;2115;1094;1021;834;385;449;154;55;99
"Fall River County, South Dakota";6758;3417;3341;1155;594;561;3643;1845;1798;1960;978;982;220;81;139
"Faulk County, South Dakota";2330;1156;1174;590;289;301;1196;602;594;544;265;279;117;52;65
"Grant County, South Dakota";7147;3756;3391;1609;884;725;4049;2178;1871;1489;694;795;224;84;140
"Gregory County, South Dakota";4212;2167;2045;992;548;444;2148;1119;1029;1072;500;572;197;67;130
"Haakon County, South Dakota";1918;954;964;449;216;233;1001;528;473;468;210;258;71;15;56
"Hamlin County, South Dakota";6111;3138;2973;1924;989;935;3234;1705;1529;953;444;509;161;45;116
"Hand County, South Dakota";3262;1627;1635;715;362;353;1721;895;826;826;370;456;197;76;121
"Hanson County, South Dakota";3376;1690;1686;1032;515;517;1823;914;909;521;261;260;30;11;19
"Harding County, South Dakota";1249;657;592;290;148;142;737;396;341;222;113;109;34;14;20
"Hughes County, South Dakota";17650;8680;8970;4251;2171;2080;10342;5043;5299;3057;1466;1591;443;165;278
"Hutchinson County, South Dakota";7380;3605;3775;1880;892;988;3803;1974;1829;1697;739;958;374;130;244
"Hyde County, South Dakota";1282;666;616;265;145;120;693;355;338;324;166;158;63;17;46
"Jackson County, South Dakota";3307;1662;1645;1105;562;543;1760;883;877;442;217;225;59;25;34
"Jerauld County, South Dakota";2043;1032;1011;480;252;228;1013;540;473;550;240;310;102;24;78
"Jones County, South Dakota";928;458;470;206;109;97;506;241;265;216;108;108;33;13;20
"Kingsbury County, South Dakota";4919;2524;2395;1127;587;540;2653;1385;1268;1139;552;587;193;69;124
"Lake County, South Dakota";13057;6810;6247;2627;1379;1248;7559;3934;3625;2871;1497;1374;277;95;182
"Lawrence County, South Dakota";25741;12867;12874;4600;2403;2197;15524;7765;7759;5617;2699;2918;703;235;468
"Lincoln County, South Dakota";58807;29097;29710;16465;8529;7936;34774;17162;17612;7568;3406;4162;929;323;606
"Lyman County, South Dakota";3821;1998;1823;1123;596;527;2093;1113;980;605;289;316;59;16;43
"McCook County, South Dakota";5546;2779;2767;1527;786;741;2966;1532;1434;1053;461;592;162;46;116
"McPherson County, South Dakota";2407;1192;1215;592;301;291;1139;579;560;676;312;364;140;47;93
"Marshall County, South Dakota";5112;2750;2362;1191;619;572;2888;1632;1256;1033;499;534;157;52;105
"Meade County, South Dakota";28294;14725;13569;6463;3277;3186;17515;9343;8172;4316;2105;2211;458;168;290
"Mellette County, South Dakota";2042;1059;983;627;333;294;1099;557;542;316;169;147;36;14;22
"Miner County, South Dakota";2213;1149;1064;524;282;242;1225;633;592;464;234;230;90;34;56
"Minnehaha County, South Dakota";192876;97356;95520;49051;25095;23956;118596;60930;57666;25229;11331;13898;3394;1123;2271
"Moody County, South Dakota";6579;3272;3307;1714;851;863;3631;1840;1791;1234;581;653;173;71;102
"Oglala Lakota County, South Dakota";14309;7010;7299;5324;2701;2623;7940;3896;4044;1045;413;632;78;21;57
"Pennington County, South Dakota";111729;56294;55435;25603;13263;12340;66039;33596;32443;20087;9435;10652;2491;895;1596
"Perkins County, South Dakota";2922;1465;1457;605;311;294;1582;794;788;735;360;375;152;45;107
"Potter County, South Dakota";2207;1094;1113;479;256;223;1090;553;537;638;285;353;112;35;77
"Roberts County, South Dakota";10447;5254;5193;2989;1526;1463;5425;2738;2687;2033;990;1043;297;110;187
"Sanborn County, South Dakota";2429;1266;1163;614;320;294;1338;710;628;477;236;241;71;25;46
"Spink County, South Dakota";6495;3251;3244;1493;765;728;3654;1873;1781;1348;613;735;245;76;169
"Stanley County, South Dakota";3022;1550;1472;731;370;361;1674;862;812;617;318;299;62;28;34
"Sully County, South Dakota";1392;732;660;292;145;147;752;404;348;348;183;165;53;20;33
"Todd County, South Dakota";10283;5004;5279;4318;2161;2157;5204;2514;2690;761;329;432;92;34;58
"Tripp County, South Dakota";5478;2761;2717;1264;654;610;2985;1569;1416;1229;538;691;234;71;163
"Turner County, South Dakota";8424;4241;4183;2054;1063;991;4624;2368;2256;1746;810;936;291;113;178
"Union County, South Dakota";15619;7874;7745;3779;1866;1913;9008;4652;4356;2832;1356;1476;364;133;231
"Walworth County, South Dakota";5587;2775;2812;1324;657;667;2951;1515;1436;1312;603;709;220;77;143
"Yankton County, South Dakota";22869;11900;10969;4860;2461;2399;13698;7531;6167;4311;1908;2403;727;240;487
"Ziebach County, South Dakota";2742;1369;1373;774;361;413;1705;882;823;263;126;137;34;20;14
"Anderson County, Tennessee";76482;37216;39266;16078;8189;7889;45048;22268;22780;15356;6759;8597;2155;729;1426
"Bedford County, Tennessee";49038;24090;24948;12455;6315;6140;29186;14516;14670;7397;3259;4138;673;219;454
"Benton County, Tennessee";16184;7926;8258;3242;1660;1582;9117;4481;4636;3825;1785;2040;400;131;269
"Bledsoe County, Tennessee";14755;8697;6058;2251;1252;999;9781;6096;3685;2723;1349;1374;258;113;145
"Blount County, Tennessee";131349;63707;67642;26559;13467;13092;78215;38327;39888;26575;11913;14662;2878;1010;1868
"Bradley County, Tennessee";106727;51892;54835;23242;11891;11351;65210;32061;33149;18275;7940;10335;1954;645;1309
"Campbell County, Tennessee";39583;19454;20129;8149;4244;3905;23222;11507;11715;8212;3703;4509;805;289;516
"Cannon County, Tennessee";14462;7186;7276;3098;1565;1533;8713;4449;4264;2651;1172;1479;281;96;185
"Carroll County, Tennessee";28020;13713;14307;5986;3111;2875;16335;8132;8203;5699;2470;3229;666;232;434
"Carter County, Tennessee";56351;27579;28772;10345;5225;5120;33642;16682;16960;12364;5672;6692;1412;536;876
"Cheatham County, Tennessee";40439;20093;20346;8958;4547;4411;25428;12743;12685;6053;2803;3250;485;168;317
"Chester County, Tennessee";17276;8309;8967;3814;1946;1868;10496;5078;5418;2966;1285;1681;368;119;249
"Claiborne County, Tennessee";31756;15530;16226;6060;3096;2964;19362;9585;9777;6334;2849;3485;555;174;381
"Clay County, Tennessee";7717;3800;3917;1557;771;786;4283;2154;2129;1877;875;1002;190;70;120
"Cocke County, Tennessee";35774;17289;18485;7275;3704;3571;20963;10056;10907;7536;3529;4007;633;248;385
"Coffee County, Tennessee";55700;27208;28492;13346;6844;6502;32734;16161;16573;9620;4203;5417;1077;384;693
"Crockett County, Tennessee";14328;6853;7475;3375;1676;1699;8261;4025;4236;2692;1152;1540;343;93;250
"Cumberland County, Tennessee";59673;29067;30606;10445;5327;5118;30921;15014;15907;18307;8726;9581;1712;733;979
"Davidson County, Tennessee";692587;334279;358308;144027;73067;70960;463765;225468;238297;84795;35744;49051;10052;3173;6879
"Decatur County, Tennessee";11706;5748;5958;2463;1287;1176;6501;3263;3238;2742;1198;1544;345;111;234
"DeKalb County, Tennessee";20138;10061;10077;4351;2299;2052;12088;6100;5988;3699;1662;2037;345;116;229
"Dickson County, Tennessee";53446;26248;27198;12341;6346;5995;32450;16038;16412;8655;3864;4791;863;291;572
"Dyer County, Tennessee";37320;17994;19326;8927;4589;4338;21827;10562;11265;6566;2843;3723;694;220;474
"Fayette County, Tennessee";40507;19937;20570;7695;3969;3726;24157;11892;12265;8655;4076;4579;773;300;473
"Fentress County, Tennessee";18217;8890;9327;3828;1942;1886;10389;5118;5271;4000;1830;2170;306;101;205
"Franklin County, Tennessee";41890;20459;21431;8407;4232;4175;25095;12400;12695;8388;3827;4561;895;323;572
"Gibson County, Tennessee";49045;23517;25528;11927;6115;5812;28255;13631;14624;8863;3771;5092;1208;393;815
"Giles County, Tennessee";29503;14321;15182;6243;3104;3139;17357;8586;8771;5903;2631;3272;638;200;438
"Grainger County, Tennessee";23145;11660;11485;4704;2468;2236;13700;6936;6764;4741;2256;2485;341;120;221
"Greene County, Tennessee";69087;33987;35100;13358;7010;6348;40811;20255;20556;14918;6722;8196;1423;481;942
"Grundy County, Tennessee";13346;6602;6744;2877;1531;1346;7673;3849;3824;2796;1222;1574;250;78;172
"Hamblen County, Tennessee";64569;31520;33049;14901;7552;7349;37745;18830;18915;11923;5138;6785;1319;409;910
"Hamilton County, Tennessee";364286;175888;188398;75645;38647;36998;224611;109464;115147;64030;27777;36253;8390;2716;5674
"Hancock County, Tennessee";6549;3231;3318;1362;698;664;3791;1888;1903;1396;645;751;126;39;87
"Hardeman County, Tennessee";25220;13778;11442;4939;2426;2513;15719;9260;6459;4562;2092;2470;469;161;308
"Hardin County, Tennessee";25776;12572;13204;5299;2680;2619;14522;7156;7366;5955;2736;3219;655;168;487
"Hawkins County, Tennessee";56530;27743;28787;11240;5723;5517;33346;16550;16796;11944;5470;6474;1186;440;746
"Haywood County, Tennessee";17335;8085;9250;3855;1923;1932;10181;4767;5414;3299;1395;1904;413;147;266
"Henderson County, Tennessee";27847;13519;14328;6344;3257;3087;16373;8004;8369;5130;2258;2872;567;203;364
"Henry County, Tennessee";32358;15686;16672;6638;3345;3293;18194;8974;9220;7526;3367;4159;763;267;496
"Hickman County, Tennessee";25063;13172;11891;5204;2728;2476;15458;8447;7011;4401;1997;2404;410;132;278
"Houston County, Tennessee";8263;4058;4205;1802;912;890;4765;2373;2392;1696;773;923;184;75;109
"Humphreys County, Tennessee";18486;9196;9290;3979;2093;1886;10807;5388;5419;3700;1715;1985;364;145;219
"Jackson County, Tennessee";11758;5848;5910;2115;1085;1030;7002;3499;3503;2641;1264;1377;239;88;151
"Jefferson County, Tennessee";54012;26586;27426;10618;5428;5190;32576;16220;16356;10818;4938;5880;985;341;644
"Johnson County, Tennessee";17778;9573;8205;2976;1543;1433;10746;6146;4600;4056;1884;2172;410;147;263
"Knox County, Tennessee";465289;226006;239283;97591;49884;47707;294037;144225;149812;73661;31897;41764;8535;2810;5725
"Lake County, Tennessee";7411;4764;2647;1050;560;490;5195;3675;1520;1166;529;637;139;37;102
"Lauderdale County, Tennessee";25825;13304;12521;5827;2981;2846;15921;8542;7379;4077;1781;2296;373;120;253
"Lawrence County, Tennessee";43734;21488;22246;10932;5617;5315;25008;12380;12628;7794;3491;4303;866;264;602
"Lewis County, Tennessee";12086;5893;6193;2602;1331;1271;6955;3432;3523;2529;1130;1399;308;103;205
"Lincoln County, Tennessee";34117;16753;17364;7540;3814;3726;19947;10038;9909;6630;2901;3729;679;233;446
"Loudon County, Tennessee";53054;26085;26969;10295;5383;4912;28733;14114;14619;14026;6588;7438;1375;515;860
"McMinn County, Tennessee";53285;25975;27310;11306;5809;5497;31521;15447;16074;10458;4719;5739;1164;434;730
"McNairy County, Tennessee";25832;12692;13140;5636;2929;2707;14826;7343;7483;5370;2420;2950;504;175;329
"Macon County, Tennessee";24265;11862;12403;5987;3054;2933;14464;7114;7350;3814;1694;2120;359;128;231
"Madison County, Tennessee";97605;46226;51379;21872;11207;10665;59118;27787;31331;16615;7232;9383;1966;661;1305
"Marion County, Tennessee";28575;13960;14615;6013;3071;2942;16825;8299;8526;5737;2590;3147;551;198;353
"Marshall County, Tennessee";33683;16495;17188;7899;4014;3885;20354;10033;10321;5430;2448;2982;555;178;377
"Maury County, Tennessee";94340;45506;48834;22094;11093;11001;57232;27716;29516;15014;6697;8317;1501;474;1027
"Meigs County, Tennessee";12306;6109;6197;2512;1233;1279;7182;3556;3626;2612;1320;1292;204;90;114
"Monroe County, Tennessee";46357;23088;23269;9768;5100;4668;26771;13488;13283;9818;4500;5318;868;306;562
"Montgomery County, Tennessee";205950;102544;103406;54985;27953;27032;131960;66186;65774;19005;8405;10600;1739;652;1087
"Moore County, Tennessee";6411;3203;3208;1214;642;572;3818;1911;1907;1379;650;729;165;63;102
"Morgan County, Tennessee";21579;11809;9770;4141;2154;1987;13602;7852;5750;3836;1803;2033;366;135;231
"Obion County, Tennessee";30267;14647;15620;6560;3336;3224;17528;8601;8927;6179;2710;3469;690;200;490
"Overton County, Tennessee";22068;10939;11129;4663;2450;2213;12864;6415;6449;4541;2074;2467;410;147;263
"Perry County, Tennessee";8064;4069;3995;1784;899;885;4575;2365;2210;1705;805;900;206;74;132
"Pickett County, Tennessee";5082;2542;2540;901;470;431;2779;1390;1389;1402;682;720;129;48;81
"Polk County, Tennessee";16898;8325;8573;3306;1661;1645;10048;4991;5057;3544;1673;1871;342;112;230
"Putnam County, Tennessee";78843;39227;39616;16455;8438;8017;49254;24995;24259;13134;5794;7340;1496;540;956
"Rhea County, Tennessee";33044;16401;16643;7497;3817;3680;19398;9743;9655;6149;2841;3308;613;236;377
"Roane County, Tennessee";53140;25926;27214;9981;5120;4861;31051;15241;15810;12108;5565;6543;1440;512;928
"Robertson County, Tennessee";71012;35082;35930;16947;8600;8347;43545;21655;21890;10520;4827;5693;941;333;608
"Rutherford County, Tennessee";324890;159916;164974;80100;40842;39258;210824;104059;106765;33966;15015;18951;3201;1102;2099
"Scott County, Tennessee";22039;10821;11218;5357;2701;2656;12978;6439;6539;3704;1681;2023;342;138;204
"Sequatchie County, Tennessee";14876;7363;7513;3101;1593;1508;8747;4353;4394;3028;1417;1611;291;101;190
"Sevier County, Tennessee";97892;47915;49977;20173;10500;9673;58378;28579;29799;19341;8836;10505;1676;622;1054
"Shelby County, Tennessee";935764;444522;491242;232721;117840;114881;575944;273873;302071;127099;52809;74290;14654;4514;10140
"Smith County, Tennessee";19942;9921;10021;4523;2322;2201;12034;6062;5972;3385;1537;1848;291;85;206
"Stewart County, Tennessee";13561;6773;6788;2836;1450;1386;7967;4030;3937;2758;1293;1465;269;110;159
"Sullivan County, Tennessee";157668;76687;80981;30362;15538;14824;92777;45797;46980;34529;15352;19177;4019;1400;2619
"Sumner County, Tennessee";187149;91378;95771;43922;22461;21461;113563;55725;57838;29664;13192;16472;3052;1056;1996
"Tipton County, Tennessee";61581;30396;31185;15162;7773;7389;37515;18581;18934;8904;4042;4862;825;311;514
"Trousdale County, Tennessee";11012;6521;4491;1939;1007;932;7647;4845;2802;1426;669;757;132;45;87
"Unicoi County, Tennessee";17761;8724;9037;3310;1697;1613;10328;5149;5179;4123;1878;2245;487;155;332
"Union County, Tennessee";19688;9700;9988;4273;2137;2136;11812;5877;5935;3603;1686;1917;329;103;226
"Van Buren County, Tennessee";5765;2886;2879;1110;568;542;3290;1667;1623;1365;651;714;112;45;67
"Warren County, Tennessee";40878;20227;20651;9582;4871;4711;24066;12171;11895;7230;3185;4045;774;263;511
"Washington County, Tennessee";128607;62829;65778;24487;12427;12060;80556;39685;40871;23564;10717;12847;2586;925;1661
"Wayne County, Tennessee";16558;9144;7414;2811;1469;1342;10519;6217;4302;3228;1458;1770;392;127;265
"Weakley County, Tennessee";33415;16382;17033;6442;3341;3101;20745;10299;10446;6228;2742;3486;808;270;538
"White County, Tennessee";27107;13262;13845;5931;3036;2895;15682;7750;7932;5494;2476;3018;656;232;424
"Williamson County, Tennessee";231729;113699;118030;63088;32079;31009;138161;67637;70524;30480;13983;16497;3341;1251;2090
"Wilson County, Tennessee";140625;69171;71454;33332;17221;16111;85228;41927;43301;22065;10023;12042;1883;655;1228
"Anderson County, Texas";58057;35546;22511;11105;5785;5320;38361;25745;12616;8591;4016;4575;886;338;548
"Andrews County, Texas";18128;9274;8854;5569;2865;2704;10681;5565;5116;1878;844;1034;237;97;140
"Angelina County, Texas";87092;42488;44604;22280;11277;11003;50594;24875;25719;14218;6336;7882;1729;666;1063
"Aransas County, Texas";23792;11751;12041;4172;2141;2031;12571;6220;6351;7049;3390;3659;702;322;380
"Archer County, Texas";8786;4326;4460;1887;945;942;5141;2563;2578;1758;818;940;211;94;117
"Armstrong County, Texas";1892;918;974;437;209;228;1002;503;499;453;206;247;44;12;32
"Atascosa County, Texas";50310;25084;25226;13725;7057;6668;29200;14630;14570;7385;3397;3988;829;293;536
"Austin County, Texas";29989;14954;15035;7129;3631;3498;17161;8613;8548;5699;2710;2989;619;226;393
"Bailey County, Texas";7027;3499;3528;2206;1084;1122;3796;1932;1864;1025;483;542;132;58;74
"Bandera County, Texas";22824;11327;11497;3812;1954;1858;12855;6292;6563;6157;3081;3076;543;246;297
"Bastrop County, Texas";86976;44296;42680;22117;11201;10916;51648;26873;24775;13211;6222;6989;1178;446;732
"Baylor County, Texas";3582;1744;1838;824;426;398;1905;953;952;853;365;488;140;45;95
"Bee County, Texas";32587;19819;12768;6863;3487;3376;21712;14493;7219;4012;1839;2173;443;154;289
"Bell County, Texas";355642;176710;178932;98517;49861;48656;218540;109643;108897;38585;17206;21379;4336;1628;2708
"Bexar County, Texas";1986049;980516;1005533;507669;258403;249266;1237759;617893;619866;240621;104220;136401;28537;10202;18335
"Blanco County, Texas";11702;5872;5830;2135;1103;1032;6726;3411;3315;2841;1358;1483;234;106;128
"Borden County, Texas";648;337;311;131;69;62;357;187;170;160;81;79;27;8;19
"Bosque County, Texas";18691;9248;9443;4033;2096;1937;10051;4950;5101;4607;2202;2405;571;251;320
"Bowie County, Texas";94324;47473;46851;22392;11449;10943;56327;29256;27071;15605;6768;8837;2037;657;1380
"Brazoria County, Texas";370200;187001;183199;97945;50205;47740;228577;116726;111851;43678;20070;23608;4309;1535;2774
"Brazos County, Texas";226758;114626;112132;46685;23678;23007;159311;81559;77752;20762;9389;11373;2438;952;1486
"Brewster County, Texas";9267;4684;4583;1744;893;851;5379;2722;2657;2144;1069;1075;230;68;162
"Briscoe County, Texas";1516;749;767;284;144;140;835;404;431;397;201;196;47;19;28
"Brooks County, Texas";7114;3595;3519;2013;1042;971;3798;2000;1798;1303;553;750;146;45;101
"Brown County, Texas";37924;18764;19160;8400;4280;4120;21968;10995;10973;7556;3489;4067;936;360;576
"Burleson County, Texas";18389;9045;9344;4079;2067;2012;10555;5157;5398;3755;1821;1934;525;214;311
"Burnet County, Texas";47542;23296;24246;10171;5212;4959;26746;13070;13676;10625;5014;5611;1101;458;643
"Caldwell County, Texas";43247;21822;21425;10303;5283;5020;26734;13707;13027;6210;2832;3378;723;256;467
"Calhoun County, Texas";21561;11078;10483;5217;2677;2540;12474;6492;5982;3870;1909;1961;443;180;263
"Callahan County, Texas";13994;6930;7064;3149;1634;1515;7976;3918;4058;2869;1378;1491;351;136;215
"Cameron County, Texas";423908;206353;217555;128553;65382;63171;237940;115600;122340;57415;25371;32044;7315;2831;4484
"Camp County, Texas";13033;6329;6704;3463;1704;1759;7156;3447;3709;2414;1178;1236;237;100;137
"Carson County, Texas";6005;3010;2995;1448;739;709;3384;1709;1675;1173;562;611;125;46;79
"Cass County, Texas";30119;14581;15538;6802;3515;3287;16657;8018;8639;6660;3048;3612;794;290;504
"Castro County, Texas";7665;3945;3720;2189;1172;1017;4264;2192;2072;1212;581;631;166;64;102
"Chambers County, Texas";42454;21505;20949;11883;6160;5723;25561;12992;12569;5010;2353;2657;429;156;273
"Cherokee County, Texas";52592;26822;25770;13370;6884;6486;29991;15719;14272;9231;4219;5012;1051;369;682
"Childress County, Texas";7291;4434;2857;1443;766;677;4725;3175;1550;1123;493;630;142;53;89
"Clay County, Texas";10456;5209;5247;2099;1046;1053;5982;3005;2977;2375;1158;1217;278;116;162
"Cochran County, Texas";2836;1423;1413;786;395;391;1587;810;777;463;218;245;52;22;30
"Coke County, Texas";3370;1666;1704;709;352;357;1742;873;869;919;441;478;98;38;60
"Coleman County, Texas";8397;4240;4157;1764;885;879;4537;2333;2204;2096;1022;1074;233;104;129
"Collin County, Texas";1005146;494802;510344;260476;132896;127580;634015;313377;320638;110655;48529;62126;10048;3663;6385
"Collingsworth County, Texas";2962;1449;1513;779;382;397;1624;819;805;559;248;311;74;27;47
"Colorado County, Texas";21217;10665;10552;4840;2476;2364;11679;6002;5677;4698;2187;2511;647;221;426
"Comal County, Texas";148373;73333;75040;33674;17238;16436;87870;43488;44382;26829;12607;14222;2640;948;1692
"Comanche County, Texas";13534;6738;6796;3002;1534;1468;7243;3649;3594;3289;1555;1734;367;147;220
"Concho County, Texas";4276;3020;1256;509;271;238;3011;2357;654;756;392;364;80;40;40
"Cooke County, Texas";40574;20262;20312;9686;5075;4611;23368;11657;11711;7520;3530;3990;819;339;480
"Coryell County, Texas";74808;37143;37665;17053;8618;8435;50086;25223;24863;7669;3302;4367;686;274;412
"Cottle County, Texas";1389;674;715;321;174;147;730;354;376;338;146;192;42;10;32
"Crane County, Texas";4794;2415;2379;1409;715;694;2813;1443;1370;572;257;315;80;29;51
"Crockett County, Texas";3499;1747;1752;857;421;436;2022;1036;986;620;290;330;63;28;35
"Crosby County, Texas";5779;2857;2922;1536;774;762;3162;1589;1573;1081;494;587;138;48;90
"Culberson County, Texas";2204;1089;1115;500;254;246;1231;622;609;473;213;260;69;35;34
"Dallam County, Texas";7200;3754;3446;2273;1203;1070;4103;2145;1958;824;406;418;90;33;57
"Dallas County, Texas";2637772;1301788;1335984;689692;351915;337777;1664926;827857;837069;283154;122016;161138;31835;10687;21148
"Dawson County, Texas";12619;6922;5697;3230;1673;1557;7505;4418;3087;1884;831;1053;237;99;138
"Deaf Smith County, Texas";18760;9369;9391;5824;2951;2873;10559;5333;5226;2377;1085;1292;345;135;210
"Delta County, Texas";5349;2661;2688;1240;604;636;2995;1511;1484;1114;546;568;95;33;62
"Denton County, Texas";859064;422725;436339;211996;108119;103877;559654;275620;284034;87414;38986;48428;7417;2615;4802
"DeWitt County, Texas";20187;10602;9585;4528;2364;2164;11636;6512;5124;4023;1726;2297;572;178;394
"Dickens County, Texas";2249;1245;1004;424;209;215;1312;812;500;513;224;289;56;28;28
"Dimmit County, Texas";10308;5071;5237;2996;1545;1451;5583;2761;2822;1729;765;964;263;110;153
"Donley County, Texas";3319;1630;1689;654;329;325;1869;941;928;796;360;436;83;33;50
"Duval County, Texas";11212;5780;5432;2787;1402;1385;6414;3454;2960;2011;924;1087;261;101;160
"Eastland County, Texas";18322;9149;9173;3942;2016;1926;10377;5291;5086;4003;1842;2161;505;186;319
"Ector County, Texas";162124;82485;79639;48856;24944;23912;97508;50545;46963;15760;6996;8764;1774;608;1166
"Edwards County, Texas";1928;1019;909;436;247;189;931;473;458;561;299;262;56;25;31
"Ellis County, Texas";179436;88513;90923;47950;24620;23330;108505;53655;54850;22981;10238;12743;2205;756;1449
"El Paso County, Texas";840758;414214;426544;228000;115479;112521;509666;254772;254894;103092;43963;59129;13716;4835;8881
"Erath County, Texas";42446;20784;21662;8707;4431;4276;27724;13610;14114;6015;2743;3272;759;264;495
"Falls County, Texas";17335;8230;9105;3613;1851;1762;10575;4887;5688;3147;1492;1655;389;169;220
"Fannin County, Texas";35286;18731;16555;7579;3937;3642;21175;11686;9489;6532;3108;3424;711;295;416
"Fayette County, Texas";25349;12456;12893;5111;2557;2554;13807;6874;6933;6431;3025;3406;894;312;582
"Fisher County, Texas";3839;1903;1936;812;405;407;2084;1069;1015;943;429;514;137;54;83
"Floyd County, Texas";5837;2942;2895;1572;821;751;3173;1616;1557;1092;505;587;162;76;86
"Foard County, Texas";1200;583;617;247;122;125;637;318;319;316;143;173;47;17;30
"Fort Bend County, Texas";787858;386599;401259;216504;110365;106139;484226;236272;247954;87128;39962;47166;7609;2754;4855
"Franklin County, Texas";10766;5350;5416;2526;1286;1240;5888;2961;2927;2352;1103;1249;274;106;168
"Freestone County, Texas";19808;10281;9527;4523;2287;2236;11347;6194;5153;3938;1800;2138;488;166;322
"Frio County, Texas";19816;11753;8063;4574;2309;2265;12807;8347;4460;2435;1097;1338;270;88;182
"Gaines County, Texas";20901;10598;10303;7502;3750;3752;11546;5977;5569;1853;871;982;216;88;128
"Galveston County, Texas";337890;166132;171758;81893;41694;40199;207392;102365;105027;48605;22073;26532;5077;1823;3254
"Garza County, Texas";6578;4355;2223;1115;580;535;4734;3446;1288;729;329;400;87;32;55
"Gillespie County, Texas";26804;13054;13750;5349;2759;2590;13488;6546;6942;7967;3749;4218;1139;444;695
"Glasscock County, Texas";1388;765;623;363;202;161;814;448;366;211;115;96;19;10;9
"Goliad County, Texas";7584;3756;3828;1621;825;796;4225;2099;2126;1738;832;906;215;80;135
"Gonzales County, Texas";20826;10517;10309;5621;2922;2699;11722;5958;5764;3483;1637;1846;410;157;253
"Gray County, Texas";21895;11615;10280;5630;2891;2739;12714;7113;5601;3551;1611;1940;497;200;297
"Grayson County, Texas";133991;65368;68623;31842;16297;15545;78532;38437;40095;23617;10634;12983;2703;954;1749
"Gregg County, Texas";123707;60112;63595;31951;16380;15571;72740;35657;37083;19016;8075;10941;2581;886;1695
"Grimes County, Texas";28360;15432;12928;6371;3269;3102;17060;9737;7323;4929;2426;2503;512;182;330
"Guadalupe County, Texas";163694;81018;82676;41018;20916;20102;100065;49817;50248;22611;10285;12326;2396;916;1480
"Hale County, Texas";33830;17658;16172;9160;4608;4552;20125;10948;9177;4545;2102;2443;598;251;347
"Hall County, Texas";3028;1499;1529;694;354;340;1633;815;818;701;330;371;96;46;50
"Hamilton County, Texas";8484;4218;4266;1873;974;899;4499;2286;2213;2112;958;1154;327;104;223
"Hansford County, Texas";5463;2785;2678;1594;861;733;3062;1572;1490;807;352;455;115;32;83
"Hardeman County, Texas";3922;1984;1938;837;449;388;2203;1128;1075;882;407;475;117;45;72
"Hardin County, Texas";57207;28188;29019;14055;7240;6815;33624;16700;16924;9528;4248;5280;1069;397;672
"Harris County, Texas";4698619;2333866;2364753;1251684;637292;614392;2952671;1477810;1474861;494264;218764;275500;51331;18194;33137
"Harrison County, Texas";66726;32660;34066;16865;8586;8279;38584;18997;19587;11277;5077;6200;1245;439;806
"Hartley County, Texas";5619;3365;2254;1184;613;571;3581;2358;1223;854;394;460;125;49;76
"Haskell County, Texas";5813;3108;2705;1083;547;536;3453;1961;1492;1277;600;677;180;63;117
"Hays County, Texas";222631;110756;111875;51181;26109;25072;146986;73417;73569;24464;11230;13234;2094;733;1361
"Hemphill County, Texas";3825;1920;1905;1176;601;575;2096;1063;1033;553;256;297;67;35;32
"Henderson County, Texas";82299;40249;42050;17724;9187;8537;46493;22698;23795;18082;8364;9718;1887;735;1152
"Hidalgo County, Texas";865939;424482;441457;281965;143388;138577;487949;238499;249450;96025;42595;53430;12153;4962;7191
"Hill County, Texas";36354;18114;18240;8495;4370;4125;20317;10154;10163;7542;3590;3952;904;323;581
"Hockley County, Texas";22980;11458;11522;5915;3016;2899;13693;6902;6791;3372;1540;1832;383;160;223
"Hood County, Texas";60537;29601;30936;12905;6622;6283;32762;16067;16695;14870;6912;7958;1661;627;1034
"Hopkins County, Texas";36810;18124;18686;9068;4632;4436;21022;10457;10565;6720;3035;3685;759;260;499
"Houston County, Texas";23169;12385;10784;4600;2344;2256;13470;7665;5805;5099;2376;2723;649;258;391
"Howard County, Texas";36459;20966;15493;7817;4074;3743;23949;14699;9250;4693;2193;2500;612;252;360
"Hudspeth County, Texas";4795;2541;2254;1016;494;522;3042;1663;1379;737;384;353;87;39;48
"Hunt County, Texas";96493;47593;48900;23183;11821;11362;58028;28786;29242;15282;6986;8296;1608;613;995
"Hutchinson County, Texas";21198;10663;10535;5443;2739;2704;12248;6250;5998;3507;1674;1833;451;192;259
"Irion County, Texas";1522;781;741;335;170;165;860;450;410;327;161;166;41;16;25
"Jack County, Texas";8843;4988;3855;1924;991;933;5405;3270;2135;1514;727;787;142;61;81
"Jackson County, Texas";14874;7400;7474;3784;1867;1917;8405;4282;4123;2685;1251;1434;377;137;240
"Jasper County, Texas";35872;17762;18110;8611;4388;4223;20240;10145;10095;7021;3229;3792;701;275;426
"Jeff Davis County, Texas";2252;1154;1098;174;99;75;1293;654;639;785;401;384;89;28;61
"Jefferson County, Texas";255001;130778;124223;61181;31306;29875;157011;83249;73762;36809;16223;20586;4997;1794;3203
"Jim Hogg County, Texas";5248;2694;2554;1613;870;743;2712;1425;1287;923;399;524;79;28;51
"Jim Wells County, Texas";40822;20244;20578;11348;5876;5472;23208;11500;11708;6266;2868;3398;757;268;489
"Johnson County, Texas";171361;85449;85912;44541;22935;21606;102601;51622;50979;24219;10892;13327;2166;800;1366
"Jones County, Texas";19817;12433;7384;3412;1735;1677;13314;9217;4097;3091;1481;1610;375;160;215
"Karnes County, Texas";15650;9209;6441;3347;1722;1625;10098;6507;3591;2205;980;1225;321;118;203
"Kaufman County, Texas";128622;63360;65262;35656;18109;17547;77599;38288;39311;15367;6963;8404;1429;481;948
"Kendall County, Texas";45641;22350;23291;10504;5290;5214;26434;13070;13364;8703;3990;4713;1075;355;720
"Kenedy County, Texas";442;228;214;120;73;47;253;121;132;69;34;35;13;3;10
"Kent County, Texas";726;361;365;153;85;68;376;206;170;197;70;127;30;7;23
"Kerr County, Texas";52405;25219;27186;10062;5098;4964;27827;13415;14412;14516;6706;7810;1907;804;1103
"Kimble County, Texas";4362;2134;2228;766;398;368;2316;1138;1178;1280;598;682;138;49;89
"King County, Texas";277;140;137;70;32;38;158;84;74;49;24;25;5;4;1
"Kinney County, Texas";3767;2074;1693;710;386;324;2153;1251;902;904;437;467;115;66;49
"Kleberg County, Texas";31129;15939;15190;7540;3869;3671;19560;10256;9304;4029;1814;2215;504;195;309
"Knox County, Texas";3653;1809;1844;965;486;479;1962;1018;944;726;305;421;96;30;66
"Lamar County, Texas";49728;23970;25758;11833;6071;5762;28348;13726;14622;9547;4173;5374;1157;379;778
"Lamb County, Texas";13158;6523;6635;3658;1852;1806;7284;3677;3607;2216;994;1222;319;112;207
"Lampasas County, Texas";21229;10461;10768;4692;2343;2349;12372;6225;6147;4165;1893;2272;471;192;279
"La Salle County, Texas";7531;4457;3074;1478;791;687;5020;3188;1832;1033;478;555;113;49;64
"Lavaca County, Texas";20110;9822;10288;4751;2371;2380;10676;5337;5339;4683;2114;2569;728;246;482
"Lee County, Texas";17144;8609;8535;3750;1922;1828;10224;5183;5041;3170;1504;1666;350;131;219
"Leon County, Texas";17270;8587;8683;3886;2025;1861;9158;4565;4593;4226;1997;2229;447;176;271
"Liberty County, Texas";86323;42794;43529;22868;11689;11179;52403;25970;26433;11052;5135;5917;1001;360;641
"Limestone County, Texas";23519;12143;11376;5267;2737;2530;13671;7296;6375;4581;2110;2471;565;225;340
"Lipscomb County, Texas";3355;1734;1621;867;445;422;1880;1003;877;608;286;322;94;32;62
"Live Oak County, Texas";12166;6667;5499;2420;1260;1160;7241;4183;3058;2505;1224;1281;301;112;189
"Llano County, Texas";21646;10482;11164;3358;1742;1616;10470;5032;5438;7818;3708;4110;950;392;558
"Loving County, Texas";152;85;67;52;27;25;85;49;36;15;9;6;0;0;0
"Lubbock County, Texas";307412;151464;155948;73288;37187;36101;195924;97601;98323;38200;16676;21524;4718;1665;3053
"Lynn County, Texas";5877;2997;2880;1574;804;770;3313;1726;1587;990;467;523;110;45;65
"McCulloch County, Texas";7987;4012;3975;1771;952;819;4438;2225;2213;1778;835;943;228;95;133
"McLennan County, Texas";254607;124464;130143;62861;32338;30523;155131;76137;78994;36615;15989;20626;4965;1709;3256
"McMullen County, Texas";749;411;338;140;70;70;429;244;185;180;97;83;29;15;14
"Madison County, Texas";14422;8283;6139;3052;1520;1532;9119;5719;3400;2251;1044;1207;275;102;173
"Marion County, Texas";9928;4842;5086;1796;910;886;5514;2665;2849;2618;1267;1351;255;108;147
"Martin County, Texas";5753;2911;2842;1789;906;883;3316;1699;1617;648;306;342;76;34;42
"Mason County, Texas";4280;2143;2137;895;482;413;2165;1090;1075;1220;571;649;127;56;71
"Matagorda County, Texas";36552;18415;18137;9324;4759;4565;21007;10701;10306;6221;2955;3266;704;231;473
"Maverick County, Texas";58485;29178;29307;18246;9182;9064;33323;16925;16398;6916;3071;3845;751;313;438
"Medina County, Texas";50921;26276;24645;11752;5977;5775;30680;16288;14392;8489;4011;4478;970;357;613
"Menard County, Texas";2139;1062;1077;378;197;181;1082;518;564;679;347;332;108;52;56
"Midland County, Texas";172578;87103;85475;49266;25131;24135;105513;54169;51344;17799;7803;9996;2639;956;1683
"Milam County, Texas";25131;12385;12746;6186;3215;2971;13847;6818;7029;5098;2352;2746;676;235;441
"Mills County, Texas";4921;2456;2465;1008;549;459;2507;1225;1282;1406;682;724;205;83;122
"Mitchell County, Texas";8145;4751;3394;1751;898;853;5154;3288;1866;1240;565;675;139;44;95
"Montague County, Texas";19596;9618;9978;4454;2230;2224;10827;5372;5455;4315;2016;2299;489;200;289
"Montgomery County, Texas";590925;292758;298167;155734;79404;76330;357928;178275;179653;77263;35079;42184;7179;2546;4633
"Moore County, Texas";21485;11160;10325;6873;3507;3366;12269;6546;5723;2343;1107;1236;290;130;160
"Morris County, Texas";12339;5934;6405;2814;1450;1364;6822;3246;3576;2703;1238;1465;313;106;207
"Motley County, Texas";1234;634;600;245;131;114;615;322;293;374;181;193;46;24;22
"Nacogdoches County, Texas";65711;31479;34232;15243;7746;7497;40783;19352;21431;9685;4381;5304;1168;424;744
"Navarro County, Texas";49565;24313;25252;13139;6675;6464;27997;13798;14199;8429;3840;4589;954;329;625
"Newton County, Texas";13746;7066;6680;2782;1405;1377;8143;4338;3805;2821;1323;1498;292;113;179
"Nolan County, Texas";14751;7370;7381;3855;1984;1871;8202;4161;4041;2694;1225;1469;345;112;233
"Nueces County, Texas";362265;179134;183131;88977;45761;43216;221073;110170;110903;52215;23203;29012;6447;2216;4231
"Ochiltree County, Texas";9947;5030;4917;3151;1582;1569;5688;2932;2756;1108;516;592;113;47;66
"Oldham County, Texas";2131;1109;1022;526;312;214;1286;644;642;319;153;166;32;14;18
"Orange County, Texas";83572;41439;42133;20764;10740;10024;49342;24635;24707;13466;6064;7402;1530;552;978
"Palo Pinto County, Texas";28875;14235;14640;6711;3497;3214;16525;8080;8445;5639;2658;2981;578;218;360
"Panola County, Texas";23148;11456;11692;5401;2787;2614;13309;6612;6697;4438;2057;2381;442;175;267
"Parker County, Texas";138371;68872;69499;34364;17685;16679;82705;41098;41607;21302;10089;11213;2047;807;1240
"Parmer County, Texas";9864;5123;4741;2820;1473;1347;5689;3022;2667;1355;628;727;161;52;109
"Pecos County, Texas";15673;8912;6761;3821;1935;1886;9751;5933;3818;2101;1044;1057;228;106;122
"Polk County, Texas";50031;26937;23094;10088;5239;4849;30521;16884;13637;9422;4814;4608;590;235;355
"Potter County, Texas";119648;61609;58039;32848;16731;16117;71878;38245;33633;14922;6633;8289;1987;696;1291
"Presidio County, Texas";6948;3557;3391;1840;987;853;3501;1763;1738;1607;807;800;278;125;153
"Rains County, Texas";12159;6044;6115;2428;1274;1154;6748;3317;3431;2983;1453;1530;242;118;124
"Randall County, Texas";136271;67024;69247;32501;16572;15929;83234;41343;41891;20536;9109;11427;2195;817;1378
"Reagan County, Texas";3741;2001;1740;1091;579;512;2230;1211;1019;420;211;209;46;14;32
"Real County, Texas";3478;1733;1745;585;327;258;1868;909;959;1025;497;528;85;32;53
"Red River County, Texas";12175;5912;6263;2429;1246;1183;6750;3301;3449;2996;1365;1631;392;138;254
"Reeves County, Texas";15695;9632;6063;3529;1851;1678;10287;6916;3371;1879;865;1014;254;93;161
"Refugio County, Texas";7032;3450;3582;1595;779;816;3847;1935;1912;1590;736;854;182;66;116
"Roberts County, Texas";903;448;455;220;101;119;494;252;242;189;95;94;15;4;11
"Robertson County, Texas";17284;8478;8806;4150;2143;2007;9798;4787;5011;3336;1548;1788;432;167;265
"Rockwall County, Texas";100657;49740;50917;27150;13894;13256;60913;30218;30695;12594;5628;6966;1329;441;888
"Runnels County, Texas";10234;5203;5031;2329;1219;1110;5779;2973;2806;2126;1011;1115;286;109;177
"Rusk County, Texas";54450;29363;25087;12111;6201;5910;33312;18971;14341;9027;4191;4836;1081;422;659
"Sabine County, Texas";10589;5213;5376;1983;979;1004;5372;2655;2717;3234;1579;1655;357;134;223
"San Augustine County, Texas";8232;4052;4180;1628;840;788;4427;2189;2238;2177;1023;1154;315;116;199
"San Jacinto County, Texas";28719;14249;14470;6194;3144;3050;16245;8044;8201;6280;3061;3219;582;272;310
"San Patricio County, Texas";66893;33652;33241;17900;9240;8660;38972;19791;19181;10021;4621;5400;1025;396;629
"San Saba County, Texas";6054;3308;2746;1218;621;597;3390;2004;1386;1446;683;763;205;70;135
"Schleicher County, Texas";2895;1436;1459;744;362;382;1584;790;794;567;284;283;49;29;20
"Scurry County, Texas";16866;9148;7718;4254;2192;2062;10064;5825;4239;2548;1131;1417;374;128;246
"Shackelford County, Texas";3253;1572;1681;748;372;376;1840;898;942;665;302;363;78;24;54
"Shelby County, Texas";25418;12637;12781;6560;3365;3195;14407;7224;7183;4451;2048;2403;474;175;299
"Sherman County, Texas";3079;1604;1475;869;456;413;1751;927;824;459;221;238;68;27;41
"Smith County, Texas";230221;111207;119014;56582;29026;27556;135629;65318;70311;38010;16863;21147;4739;1787;2952
"Somervell County, Texas";9016;4442;4574;2016;1003;1013;5295;2618;2677;1705;821;884;212;75;137
"Starr County, Texas";64525;31430;33095;21214;10510;10704;35998;17742;18256;7313;3178;4135;859;330;529
"Stephens County, Texas";9433;4990;4443;2040;1053;987;5529;3079;2450;1864;858;1006;242;88;154
"Sterling County, Texas";1311;668;643;373;193;180;749;393;356;189;82;107;37;10;27
"Stonewall County, Texas";1362;665;697;303;147;156;698;356;342;361;162;199;66;29;37
"Sutton County, Texas";3758;1920;1838;896;450;446;2172;1126;1046;690;344;346;101;39;62
"Swisher County, Texas";7462;3975;3487;1874;965;909;4269;2406;1863;1319;604;715;187;74;113
"Tarrant County, Texas";2084931;1020097;1064834;549063;279490;269573;1300681;637754;662927;235187;102853;132334;25637;8928;16709
"Taylor County, Texas";137640;67226;70414;33983;17254;16729;83872;41553;42319;19785;8419;11366;2762;934;1828
"Terrell County, Texas";823;421;402;163;84;79;416;220;196;244;117;127;41;16;25
"Terry County, Texas";12287;6417;5870;3379;1695;1684;7048;3896;3152;1860;826;1034;231;79;152
"Throckmorton County, Texas";1515;708;807;298;130;168;792;383;409;425;195;230;55;20;35
"Titus County, Texas";33033;16186;16847;9578;4805;4773;18740;9233;9507;4715;2148;2567;543;208;335
"Tom Green County, Texas";118189;58764;59425;28236;14326;13910;71686;36252;35434;18267;8186;10081;2390;907;1483
"Travis County, Texas";1248743;631266;617477;270726;138148;132578;854622;437310;417312;123395;55808;67587;13032;4633;8399
"Trinity County, Texas";14740;7105;7635;2954;1507;1447;7865;3707;4158;3921;1891;2030;387;160;227
"Tyler County, Texas";21696;11693;10003;4183;2106;2077;12667;7338;5329;4846;2249;2597;546;195;351
"Upshur County, Texas";41260;20387;20873;9817;5038;4779;23867;11850;12017;7576;3499;4077;777;286;491
"Upton County, Texas";3671;1881;1790;1083;557;526;2072;1070;1002;516;254;262;72;24;48
"Uvalde County, Texas";26846;13209;13637;7260;3673;3587;15068;7522;7546;4518;2014;2504;674;267;407
"Val Verde County, Texas";49208;25156;24052;14033;7158;6875;28174;14800;13374;7001;3198;3803;972;384;588
"Van Zandt County, Texas";56019;27363;28656;12922;6479;6443;31776;15649;16127;11321;5235;6086;1208;454;754
"Victoria County, Texas";92035;45094;46941;23330;11899;11431;53883;26645;27238;14822;6550;8272;1930;698;1232
"Walker County, Texas";72480;42184;30296;10927;5694;5233;51982;31873;20109;9571;4617;4954;1013;403;610
"Waller County, Texas";53126;26482;26644;12898;6585;6313;33946;16898;17048;6282;2999;3283;655;267;388
"Ward County, Texas";11720;5898;5822;3358;1683;1675;6726;3483;3243;1636;732;904;219;78;141
"Washington County, Texas";35108;17230;17878;7620;4002;3618;19876;9802;10074;7612;3426;4186;1246;431;815
"Webb County, Texas";275910;135563;140347;90830;46284;44546;158993;78009;80984;26087;11270;14817;3147;1128;2019
"Wharton County, Texas";41619;20500;21119;10750;5495;5255;23759;11804;11955;7110;3201;3909;933;337;596
"Wheeler County, Texas";5191;2613;2578;1301;706;595;2886;1430;1456;1004;477;527;110;42;68
"Wichita County, Texas";132064;68337;63727;29664;15046;14618;82964;44897;38067;19436;8394;11042;2705;900;1805
"Wilbarger County, Texas";12820;6348;6472;2849;1459;1390;7616;3835;3781;2355;1054;1301;316;103;213
"Willacy County, Texas";21515;11893;9622;5088;2590;2498;13412;7973;5439;3015;1330;1685;405;141;264
"Williamson County, Texas";566719;279077;287642;145276;74255;71021;352455;174308;178147;68988;30514;38474;6550;2310;4240
"Wilson County, Texas";50224;25175;25049;12048;6182;5866;30143;15126;15017;8033;3867;4166;924;371;553
"Winkler County, Texas";7720;3961;3759;2283;1144;1139;4488;2390;2098;949;427;522;104;40;64
"Wise County, Texas";68305;34159;34146;16919;8576;8343;41196;20727;20469;10190;4856;5334;876;337;539
"Wood County, Texas";45129;22386;22743;8672;4429;4243;24315;12275;12040;12142;5682;6460;1202;433;769
"Yoakum County, Texas";8591;4385;4206;2797;1423;1374;4777;2485;2292;1017;477;540;117;40;77
"Young County, Texas";18045;8937;9108;4331;2218;2113;10043;5055;4988;3671;1664;2007;473;160;313
"Zapata County, Texas";14190;7083;7107;4704;2506;2198;7643;3716;3927;1843;861;982;200;80;120
"Zavala County, Texas";11983;6061;5922;3506;1773;1733;6765;3524;3241;1712;764;948;224;89;135
"Beaver County, Utah";6580;3361;3219;2119;1092;1027;3513;1799;1714;948;470;478;78;44;34
"Box Elder County, Utah";54950;27852;27098;17430;9066;8364;30411;15358;15053;7109;3428;3681;772;353;419
"Cache County, Utah";127068;63667;63401;38511;19540;18971;76548;38443;38105;12009;5684;6325;1365;559;806
"Carbon County, Utah";20269;10065;10204;5227;2672;2555;11512;5737;5775;3530;1656;1874;387;145;242
"Daggett County, Utah";980;556;424;217;128;89;512;273;239;251;155;96;35;28;7
"Davis County, Utah";351713;177609;174104;112970;58637;54333;203426;102690;100736;35317;16282;19035;3856;1589;2267
"Duchesne County, Utah";19964;10103;9861;6720;3401;3319;10836;5524;5312;2408;1178;1230;274;107;167
"Emery County, Utah";10014;5110;4904;2878;1544;1334;5408;2728;2680;1728;838;890;181;70;111
"Garfield County, Utah";5080;2645;2435;1183;633;550;2722;1419;1303;1175;593;582;128;47;81
"Grand County, Utah";9764;4933;4831;2090;1069;1021;5857;2939;2918;1817;925;892;196;79;117
"Iron County, Utah";52775;26363;26412;15317;7800;7517;30758;15269;15489;6700;3294;3406;587;253;334
"Juab County, Utah";11555;5929;5626;3973;2124;1849;6185;3138;3047;1397;667;730;117;41;76
"Kane County, Utah";7709;3894;3815;1809;929;880;4104;2066;2038;1796;899;897;130;50;80
"Millard County, Utah";13006;6658;6348;3997;2062;1935;6777;3477;3300;2232;1119;1113;310;138;172
"Morgan County, Utah";12045;6224;5821;4258;2276;1982;6405;3270;3135;1382;678;704;112;56;56
"Piute County, Utah";1445;746;699;331;175;156;697;358;339;417;213;204;46;27;19
"Rich County, Utah";2464;1268;1196;716;373;343;1305;662;643;443;233;210;63;35;28
"Salt Lake County, Utah";1152633;578614;574019;312889;159743;153146;714587;362248;352339;125157;56623;68534;13656;5277;8379
"San Juan County, Utah";15449;7726;7723;4719;2414;2305;8543;4293;4250;2187;1019;1168;260;101;159
"Sanpete County, Utah";30623;16112;14511;7819;4030;3789;18531;9992;8539;4273;2090;2183;384;180;204
"Sevier County, Utah";21539;10945;10594;6338;3291;3047;11736;5981;5755;3465;1673;1792;361;164;197
"Summit County, Utah";41933;21461;20472;10253;5186;5067;26400;13547;12853;5280;2728;2552;312;133;179
"Tooele County, Utah";69907;35389;34518;22807;11779;11028;40697;20544;20153;6403;3066;3337;616;232;384
"Uintah County, Utah";35438;18011;17427;11754;6054;5700;19829;10104;9725;3855;1853;2002;426;181;245
"Utah County, Utah";622213;314587;307626;207710;106965;100745;366453;185632;180821;48050;21990;26060;5176;2111;3065
"Wasatch County, Utah";33240;16873;16367;10478;5394;5084;18940;9599;9341;3822;1880;1942;275;123;152
"Washington County, Utah";171700;85053;86647;44808;23173;21635;90048;44284;45764;36844;17596;19248;4288;1990;2298
"Wayne County, Utah";2690;1381;1309;657;331;326;1447;750;697;586;300;286;46;16;30
"Weber County, Utah";256359;129008;127351;72484;36895;35589;153978;78317;75661;29897;13796;16101;3339;1356;1983
"Addison County, Vermont";36973;18469;18504;6235;3270;2965;23381;11721;11660;7357;3478;3879;807;291;516
"Bennington County, Vermont";35631;17363;18268;6756;3532;3224;20713;10074;10639;8162;3757;4405;1145;444;701
"Caledonia County, Vermont";30302;15166;15136;5844;3009;2835;18104;9134;8970;6354;3023;3331;703;265;438
"Chittenden County, Vermont";164572;80692;83880;29165;15101;14064;110734;55033;55701;24673;10558;14115;3442;1124;2318
"Essex County, Vermont";6250;3131;3119;1106;563;543;3546;1750;1796;1598;818;780;179;72;107
"Franklin County, Vermont";49421;24611;24810;10949;5655;5294;30547;15229;15318;7925;3727;4198;833;287;546
"Grand Isle County, Vermont";7090;3578;3512;1278;639;639;4337;2206;2131;1475;733;742;97;33;64
"Lamoille County, Vermont";25300;12657;12643;5134;2600;2534;15773;7938;7835;4393;2119;2274;449;162;287
"Orange County, Vermont";28999;14524;14475;5316;2800;2516;17534;8839;8695;6149;2885;3264;602;225;377
"Orleans County, Vermont";26907;13501;13406;5206;2646;2560;15588;8001;7587;6113;2854;3259;695;227;468
"Rutland County, Vermont";58672;28924;29748;10438;5375;5063;35279;17597;17682;12955;5952;7003;1495;503;992
"Washington County, Vermont";58140;28773;29367;10926;5551;5375;35803;18028;17775;11411;5194;6217;1394;454;940
"Windham County, Vermont";42756;20919;21837;7636;3914;3722;25363;12482;12881;9757;4523;5234;1142;421;721
"Windsor County, Vermont";55286;26944;28342;9984;5049;4935;32417;15895;16522;12885;6000;6885;1438;545;893
"Accomack County, Virginia";32412;15817;16595;6656;3457;3199;18118;8886;9232;7638;3474;4164;886;359;527
"Albemarle County, Virginia";108718;51970;56748;21528;10932;10596;66942;32125;34817;20248;8913;11335;2866;1032;1834
"Alleghany County, Virginia";14910;7291;7619;2770;1446;1324;8458;4167;4291;3682;1678;2004;434;136;298
"Amelia County, Virginia";13013;6416;6597;2664;1380;1284;7773;3868;3905;2576;1168;1408;289;86;203
"Amherst County, Virginia";31666;15368;16298;6207;3206;3001;18758;9187;9571;6701;2975;3726;798;258;540
"Appomattox County, Virginia";15841;7692;8149;3350;1698;1652;9211;4490;4721;3280;1504;1776;343;117;226
"Arlington County, Virginia";237521;119009;118512;42959;22019;20940;169353;85528;83825;25209;11462;13747;3082;1173;1909
"Augusta County, Virginia";75457;38274;37183;14362;7312;7050;45218;23508;21710;15877;7454;8423;1773;698;1075
"Bath County, Virginia";4292;2161;2131;650;316;334;2455;1252;1203;1187;593;594;147;76;71
"Bedford County, Virginia";78747;38794;39953;15623;7981;7642;46335;22936;23399;16789;7877;8912;1679;675;1004
"Bland County, Virginia";6293;3445;2848;965;497;468;3881;2247;1634;1447;701;746;145;54;91
"Botetourt County, Virginia";33277;16494;16783;6279;3186;3093;19429;9771;9658;7569;3537;4032;754;268;486
"Brunswick County, Virginia";16384;8773;7611;2674;1336;1338;10187;5860;4327;3523;1577;1946;388;128;260
"Buchanan County, Virginia";21221;10735;10486;3662;1876;1786;12850;6760;6090;4709;2099;2610;388;133;255
"Buckingham County, Virginia";16999;9364;7635;3000;1558;1442;10659;6276;4383;3340;1530;1810;339;117;222
"Campbell County, Virginia";54973;26723;28250;10628;5385;5243;33402;16510;16892;10943;4828;6115;1320;502;818
"Caroline County, Virginia";30772;15214;15558;7079;3578;3501;18643;9374;9269;5050;2262;2788;534;186;348
"Carroll County, Virginia";29636;14676;14960;5384;2775;2609;16993;8544;8449;7259;3357;3902;776;270;506
"Charles City County, Virginia";6941;3345;3596;1052;519;533;4181;2062;2119;1708;764;944;177;59;118
"Charlotte County, Virginia";11938;5896;6042;2491;1306;1185;6793;3396;3397;2654;1194;1460;336;99;237
"Chesterfield County, Virginia";348556;168039;180517;82795;42718;40077;213733;102189;111544;52028;23132;28896;4935;1729;3206
"Clarke County, Virginia";14523;7238;7285;2888;1458;1430;8567;4333;4234;3068;1447;1621;327;122;205
"Craig County, Virginia";5064;2508;2556;888;457;431;2991;1510;1481;1185;541;644;133;37;96
"Culpeper County, Virginia";51859;25944;25915;12864;6455;6409;30836;15705;15131;8159;3784;4375;823;304;519
"Cumberland County, Virginia";9809;4736;5073;1900;954;946;5710;2780;2930;2199;1002;1197;217;77;140
"Dickenson County, Virginia";14523;7360;7163;2871;1485;1386;8454;4411;4043;3198;1464;1734;320;102;218
"Dinwiddie County, Virginia";28529;13941;14588;5686;2884;2802;17862;8805;9057;4981;2252;2729;496;172;324
"Essex County, Virginia";10919;5113;5806;2028;995;1033;6361;2993;3368;2530;1125;1405;273;98;175
"Fairfax County, Virginia";1150795;570871;579924;269162;137659;131503;726793;362301;364492;154840;70911;83929;17663;6690;10973
"Fauquier County, Virginia";70675;34991;35684;16513;8451;8062;42542;21135;21407;11620;5405;6215;1132;406;726
"Floyd County, Virginia";15795;7939;7856;3112;1623;1489;9079;4608;4471;3604;1708;1896;371;123;248
"Fluvanna County, Virginia";26783;12252;14531;5277;2640;2637;16088;7152;8936;5418;2460;2958;542;220;322
"Franklin County, Virginia";56195;27672;28523;10779;5448;5331;32197;15973;16224;13219;6251;6968;1259;466;793
"Frederick County, Virginia";88355;44026;44329;20386;10453;9933;52705;26516;26189;15264;7057;8207;1711;677;1034
"Giles County, Virginia";16844;8297;8547;3486;1756;1730;9677;4845;4832;3681;1696;1985;408;115;293
"Gloucester County, Virginia";37349;18376;18973;7479;3826;3653;22752;11267;11485;7118;3283;3835;751;266;485
"Goochland County, Virginia";23244;11401;11843;4119;2100;2019;13934;6808;7126;5191;2493;2698;512;214;298
"Grayson County, Virginia";15631;8047;7584;2612;1310;1302;9187;4974;4213;3832;1763;2069;464;155;309
"Greene County, Virginia";19779;9632;10147;4731;2380;2351;11616;5711;5905;3432;1541;1891;311;106;205
"Greensville County, Virginia";11627;7285;4342;2016;1061;955;7856;5420;2436;1755;804;951;160;67;93
"Halifax County, Virginia";34120;16355;17765;6921;3484;3437;18886;9297;9589;8313;3574;4739;1026;291;735
"Hanover County, Virginia";107239;52476;54763;23572;12184;11388;64635;31751;32884;19032;8541;10491;2233;778;1455
"Henrico County, Virginia";329261;156230;173031;74272;38127;36145;203944;97111;106833;51045;20992;30053;6985;2231;4754
"Henry County, Virginia";50953;24528;26425;9895;5085;4810;28880;14131;14749;12178;5312;6866;1560;544;1016
"Highland County, Virginia";2210;1100;1110;290;140;150;1160;584;576;760;376;384;72;24;48
"Isle of Wight County, Virginia";36953;18094;18859;7681;3895;3786;22197;11021;11176;7075;3178;3897;778;250;528
"James City County, Virginia";76397;36921;39476;15282;7759;7523;41814;20386;21428;19301;8776;10525;2327;921;1406
"King and Queen County, Virginia";7042;3567;3475;1236;618;618;4194;2194;2000;1612;755;857;196;67;129
"King George County, Virginia";26575;13459;13116;6621;3398;3223;16478;8412;8066;3476;1649;1827;341;128;213
"King William County, Virginia";16939;8291;8648;3909;2010;1899;10302;5061;5241;2728;1220;1508;244;81;163
"Lancaster County, Virginia";10783;5083;5700;1723;908;815;5164;2418;2746;3896;1757;2139;597;206;391
"Lee County, Virginia";23541;12237;11304;4412;2303;2109;14103;7600;6503;5026;2334;2692;455;175;280
"Loudoun County, Virginia";406850;201469;205381;115028;58412;56616;254020;126295;127725;37802;16762;21040;4269;1641;2628
"Louisa County, Virginia";36778;18169;18609;7407;3747;3660;22087;10933;11154;7284;3489;3795;642;264;378
"Lunenburg County, Virginia";12086;6400;5686;2243;1171;1072;7146;4010;3136;2697;1219;1478;280;88;192
"Madison County, Virginia";13295;6416;6879;2706;1327;1379;7630;3738;3892;2959;1351;1608;338;133;205
"Mathews County, Virginia";8802;4235;4567;1360;671;689;4708;2303;2405;2734;1261;1473;301;121;180
"Mecklenburg County, Virginia";30650;14885;15765;5681;2879;2802;17111;8491;8620;7858;3515;4343;884;314;570
"Middlesex County, Virginia";10769;5243;5526;1764;895;869;5652;2805;2847;3353;1543;1810;402;158;244
"Montgomery County, Virginia";98985;51452;47533;15305;7876;7429;71205;38005;33200;12475;5571;6904;1511;527;984
"Nelson County, Virginia";14836;7170;7666;2632;1325;1307;8151;3969;4182;4053;1876;2177;348;110;238
"New Kent County, Virginia";22391;11450;10941;4489;2322;2167;14042;7272;6770;3860;1856;2004;265;92;173
"Northampton County, Virginia";11735;5603;6132;2301;1200;1101;6336;3040;3296;3098;1363;1735;426;142;284
"Northumberland County, Virginia";12147;5956;6191;1764;943;821;5927;2858;3069;4456;2155;2301;500;228;272
"Nottoway County, Virginia";15420;8338;7082;2947;1469;1478;9514;5552;3962;2959;1317;1642;367;133;234
"Orange County, Virginia";36644;17877;18767;7722;3852;3870;21458;10687;10771;7464;3338;4126;815;321;494
"Page County, Virginia";23933;11830;12103;4757;2402;2355;14063;7044;7019;5113;2384;2729;544;199;345
"Patrick County, Virginia";17673;8730;8943;3078;1561;1517;9928;5024;4904;4667;2145;2522;484;152;332
"Pittsylvania County, Virginia";60949;30048;30901;11523;5804;5719;35636;18016;17620;13790;6228;7562;1465;487;978
"Powhatan County, Virginia";29189;15130;14059;5323;2795;2528;18542;9775;8767;5324;2560;2764;439;164;275
"Prince Edward County, Virginia";22950;11491;11459;3767;1938;1829;15404;7927;7477;3779;1626;2153;588;192;396
"Prince George County, Virginia";38082;20584;17498;8222;4190;4032;24513;13908;10605;5347;2486;2861;562;207;355
"Prince William County, Virginia";468011;233996;234015;127210;65575;61635;294482;147664;146818;46319;20757;25562;4035;1386;2649
"Pulaski County, Virginia";34066;17016;17050;6007;3032;2975;20245;10494;9751;7814;3490;4324;817;274;543
"Rappahannock County, Virginia";7252;3559;3693;1178;591;587;4093;2010;2083;1981;958;1023;200;86;114
"Richmond County, Virginia";9038;5084;3954;1553;785;768;5584;3522;2062;1901;777;1124;293;74;219
"Roanoke County, Virginia";94073;45334;48739;18648;9679;8969;55274;27031;28243;20151;8624;11527;2677;862;1815
"Rockbridge County, Virginia";22752;11270;11482;3985;2049;1936;12858;6374;6484;5909;2847;3062;735;320;415
"Rockingham County, Virginia";81244;39975;41269;17785;9143;8642;47987;23748;24239;15472;7084;8388;2076;760;1316
"Russell County, Virginia";26748;13083;13665;5052;2529;2523;15923;7949;7974;5773;2605;3168;562;209;353
"Scott County, Virginia";21534;10829;10705;3831;1940;1891;12492;6461;6031;5211;2428;2783;597;241;356
"Shenandoah County, Virginia";43497;21277;22220;9220;4669;4551;24834;12309;12525;9443;4299;5144;1110;382;728
"Smyth County, Virginia";30472;14944;15528;5857;3012;2845;17909;8993;8916;6706;2939;3767;836;289;547
"Southampton County, Virginia";17586;9142;8444;3197;1617;1580;10833;5860;4973;3556;1665;1891;390;136;254
"Spotsylvania County, Virginia";134238;65903;68335;33164;16929;16235;81945;40416;41529;19129;8558;10571;2062;747;1315
"Stafford County, Virginia";149960;75624;74336;39088;20008;19080;95198;48445;46753;15674;7171;8503;1393;558;835
"Surry County, Virginia";6474;3198;3276;1084;567;517;3922;1942;1980;1468;689;779;150;52;98
"Sussex County, Virginia";11237;6658;4579;1732;846;886;7509;4913;2596;1996;899;1097;236;98;138
"Tazewell County, Virginia";40855;20225;20630;7883;3913;3970;23882;12264;11618;9090;4048;5042;1086;349;737
"Warren County, Virginia";40003;19939;20064;8799;4483;4316;24784;12495;12289;6420;2961;3459;624;211;413
"Washington County, Virginia";54402;26798;27604;10061;5143;4918;31967;15996;15971;12374;5659;6715;1245;427;818
"Westmoreland County, Virginia";17830;8700;9130;3363;1747;1616;9947;4893;5054;4520;2060;2460;444;177;267
"Wise County, Virginia";38012;19779;18233;7477;3757;3720;23604;12850;10754;6931;3172;3759;672;244;428
"Wythe County, Virginia";28754;14037;14717;5672;2900;2772;16869;8343;8526;6213;2794;3419;683;218;465
"York County, Virginia";67846;33273;34573;16156;8093;8063;40733;20219;20514;10957;4961;5996;1218;430;788
"Alexandria city, Virginia";160530;77269;83261;29434;15138;14296;112631;54213;58418;18465;7918;10547;2282;740;1542
"Bristol city, Virginia";16482;7811;8671;3323;1677;1646;9683;4797;4886;3476;1337;2139;419;106;313
"Buena Vista city, Virginia";6237;2928;3309;1088;543;545;3930;1885;2045;1219;500;719;142;43;99
"Charlottesville city, Virginia";48117;23316;24801;7675;3954;3721;34862;16985;17877;5580;2377;3203;585;206;379
"Chesapeake city, Virginia";242634;118401;124233;58443;29751;28692;151956;74663;77293;32235;13987;18248;3404;1162;2242
"Colonial Heights city, Virginia";17833;8165;9668;4299;2097;2202;10039;4706;5333;3495;1362;2133;555;167;388
"Covington city, Virginia";5460;2637;2823;982;498;484;3318;1659;1659;1160;480;680;134;38;96
"Danville city, Virginia";40693;18720;21973;8821;4457;4364;23354;10942;12412;8518;3321;5197;1336;355;981
"Emporia city, Virginia";5121;2370;2751;1082;559;523;3003;1387;1616;1036;424;612;207;60;147
"Fairfax city, Virginia";24574;12216;12358;6141;3228;2913;14919;7516;7403;3514;1472;2042;493;143;350
"Falls Church city, Virginia";14772;7251;7521;3909;2038;1871;8909;4385;4524;1954;828;1126;208;67;141
"Franklin city, Virginia";8013;3616;4397;1897;982;915;4537;1987;2550;1579;647;932;221;61;160
"Fredericksburg city, Virginia";29144;13450;15694;6097;3097;3000;19797;9013;10784;3250;1340;1910;386;117;269
"Galax city, Virginia";6423;2979;3444;1403;699;704;3726;1795;1931;1294;485;809;261;71;190
"Hampton city, Virginia";134313;64558;69755;28086;14446;13640;85482;41428;44054;20745;8684;12061;2376;792;1584
"Harrisonburg city, Virginia";54033;25987;28046;9180;4641;4539;39769;19155;20614;5084;2191;2893;821;264;557
"Hopewell city, Virginia";22596;10536;12060;5867;2992;2875;13183;6134;7049;3546;1410;2136;441;118;323
"Lexington city, Virginia";7136;4008;3128;669;354;315;5311;3196;2115;1156;458;698;194;48;146
"Lynchburg city, Virginia";82126;38521;43605;15946;8112;7834;54357;25597;28760;11823;4812;7011;1983;633;1350
"Manassas city, Virginia";41641;20875;20766;11234;5829;5405;26087;13110;12977;4320;1936;2384;410;121;289
"Manassas Park city, Virginia";17307;8910;8397;3918;2085;1833;12005;6217;5788;1384;608;776;131;51;80
"Martinsville city, Virginia";12902;5976;6926;3194;1628;1566;7266;3392;3874;2442;956;1486;306;59;247
"Newport News city, Virginia";178626;86229;92397;41279;21111;20168;114006;55598;58408;23341;9520;13821;2946;931;2015
"Norfolk city, Virginia";244076;127235;116841;47785;24255;23530;168957;91495;77462;27334;11485;15849;3508;1195;2313
"Norton city, Virginia";3968;1859;2109;793;387;406;2435;1200;1235;740;272;468;94;26;68
"Petersburg city, Virginia";31567;14508;17059;7133;3654;3479;19079;8820;10259;5355;2034;3321;723;178;545
"Poquoson city, Virginia";12190;6096;6094;2699;1398;1301;7131;3598;3533;2360;1100;1260;230;82;148
"Portsmouth city, Virginia";94632;45452;49180;22052;11113;10939;58452;28545;29907;14128;5794;8334;1763;569;1194
"Radford city, Virginia";18339;8619;9720;2285;1150;1135;14382;6747;7635;1672;722;950;227;74;153
"Richmond city, Virginia";228783;108456;120327;40064;20184;19880;158547;75642;82905;30172;12630;17542;4164;1381;2783
"Roanoke city, Virginia";99920;47891;52029;22537;11524;11013;60863;29739;31124;16520;6628;9892;2389;713;1676
"Salem city, Virginia";25643;12201;13442;5115;2622;2493;15692;7578;8114;4836;2001;2835;658;204;454
"Staunton city, Virginia";24922;11435;13487;4835;2481;2354;14780;6745;8035;5307;2209;3098;738;220;518
"Suffolk city, Virginia";91185;44173;47012;22132;11355;10777;55889;27057;28832;13164;5761;7403;1487;468;1019
"Virginia Beach city, Virginia";450189;221065;229124;99573;50974;48599;286612;142574;144038;64004;27517;36487;7632;2705;4927
"Waynesboro city, Virginia";22628;10802;11826;5346;2732;2614;13220;6367;6853;4062;1703;2359;541;176;365
"Williamsburg city, Virginia";14896;6853;8043;1712;847;865;10752;4916;5836;2432;1090;1342;280;109;171
"Winchester city, Virginia";28108;13689;14419;6354;3289;3065;17288;8437;8851;4466;1963;2503;570;214;356
"Adams County, Washington";19759;10009;9750;7004;3583;3421;10570;5357;5213;2185;1069;1116;242;110;132
"Asotin County, Washington";22610;11023;11587;4588;2310;2278;12750;6222;6528;5272;2491;2781;653;287;366
"Benton County, Washington";201877;101150;100727;54000;27738;26262;117780;59357;58423;30097;14055;16042;3357;1228;2129
"Chelan County, Washington";77036;38521;38515;18022;9349;8673;44318;22242;22076;14696;6930;7766;1846;688;1158
"Clallam County, Washington";76737;37842;38895;13055;6692;6363;40962;20550;20412;22720;10600;12120;2653;1057;1596
"Clark County, Washington";481857;238118;243739;115356;58874;56482;291971;145326;146645;74530;33918;40612;7539;2716;4823
"Columbia County, Washington";4059;1982;2077;765;390;375;2163;1050;1113;1131;542;589;133;51;82
"Cowlitz County, Washington";108987;53938;55049;25037;12671;12366;63324;31644;31680;20626;9623;11003;2236;839;1397
"Douglas County, Washington";42907;21740;21167;11064;5705;5359;24305;12519;11786;7538;3516;4022;866;312;554
"Ferry County, Washington";7649;3909;3740;1333;712;621;4234;2131;2103;2082;1066;1016;176;62;114
"Franklin County, Washington";94347;48752;45595;30524;15363;15161;55129;29227;25902;8694;4162;4532;796;316;480
"Garfield County, Washington";2247;1099;1148;478;244;234;1198;582;616;571;273;298;85;35;50
"Grant County, Washington";97331;49539;47792;28591;14503;14088;55391;28626;26765;13349;6410;6939;1514;596;918
"Grays Harbor County, Washington";73901;37819;36082;15108;7649;7459;42825;22481;20344;15968;7689;8279;1580;631;949
"Island County, Washington";84460;42115;42345;15319;7769;7550;48378;24671;23707;20763;9675;11088;2060;837;1223
"Jefferson County, Washington";31729;15528;16201;3754;1882;1872;16282;7957;8325;11693;5689;6004;1028;438;590
"King County, Washington";2233163;1121104;1112059;452859;230557;222302;1485194;759418;725776;295110;131129;163981;38366;13479;24887
"Kitsap County, Washington";269805;137982;131823;55252;28284;26968;166459;87355;79104;48094;22343;25751;4992;1825;3167
"Kittitas County, Washington";47364;23889;23475;8096;4092;4004;31676;16047;15629;7592;3750;3842;781;307;474
"Klickitat County, Washington";22107;11157;10950;4279;2203;2076;12546;6323;6223;5282;2631;2651;469;162;307
"Lewis County, Washington";79604;39780;39824;17018;8767;8251;45881;22995;22886;16705;8018;8687;1728;672;1056
"Lincoln County, Washington";10740;5492;5248;2328;1214;1114;5666;2903;2763;2746;1375;1371;342;127;215
"Mason County, Washington";65507;34046;31461;12729;6695;6034;37842;20140;17702;14936;7211;7725;1303;529;774
"Okanogan County, Washington";42132;21211;20921;9769;5033;4736;23269;11649;11620;9094;4529;4565;882;323;559
"Pacific County, Washington";22036;11003;11033;3512;1823;1689;11761;5902;5859;6763;3278;3485;614;258;356
"Pend Oreille County, Washington";13602;6922;6680;2640;1358;1282;7427;3758;3669;3535;1806;1729;302;117;185
"Pierce County, Washington";891299;443333;447966;209270;106975;102295;558894;281367;277527;123135;54991;68144;13798;4851;8947
"San Juan County, Washington";17128;8286;8842;2225;1107;1118;9064;4364;4700;5839;2815;3024;501;193;308
"Skagit County, Washington";128206;63544;64662;27977;14373;13604;73638;36829;36809;26591;12342;14249;3028;1228;1800
"Skamania County, Washington";11924;6061;5863;2209;1148;1061;7208;3613;3595;2507;1300;1207;262;108;154
"Snohomish County, Washington";814901;408857;406044;184547;94945;89602;520586;264672;255914;109768;49240;60528;12029;4217;7812
"Spokane County, Washington";514631;255193;259438;114051;58577;55474;317301;159024;158277;83279;37592;45687;9870;3471;6399
"Stevens County, Washington";45260;22589;22671;9761;5004;4757;24957;12313;12644;10542;5272;5270;949;371;578
"Thurston County, Washington";286419;140136;146283;61378;31521;29857;175527;86458;89069;49514;22157;27357;5302;1841;3461
"Wahkiakum County, Washington";4426;2222;2204;765;393;372;2237;1120;1117;1424;709;715;132;50;82
"Walla Walla County, Washington";60922;31138;29784;12779;6582;6197;37145;19537;17608;10998;5019;5979;1654;579;1075
"Whatcom County, Washington";225685;111688;113997;43910;22731;21179;142617;70903;71714;39158;18054;21104;4223;1587;2636
"Whitman County, Washington";49791;25408;24383;7453;3801;3652;37157;19156;18001;5181;2451;2730;684;273;411
"Yakima County, Washington";251446;125786;125660;74480;38160;36320;142442;71732;70710;34524;15894;18630;4408;1653;2755
"Barbour County, West Virginia";16535;8049;8486;3259;1673;1586;9943;4813;5130;3333;1563;1770;365;123;242
"Berkeley County, West Virginia";117123;58095;59028;27230;13863;13367;72718;36207;36511;17175;8025;9150;1396;569;827
"Boone County, West Virginia";21951;10937;11014;4684;2448;2236;12864;6457;6407;4403;2032;2371;382;128;254
"Braxton County, West Virginia";14089;7122;6967;2736;1394;1342;8123;4171;3952;3230;1557;1673;339;120;219
"Brooke County, West Virginia";22203;10902;11301;3930;2035;1895;12983;6526;6457;5290;2341;2949;677;226;451
"Cabell County, West Virginia";93224;45585;47639;18395;9612;8783;57287;28394;28893;17542;7579;9963;2167;726;1441
"Calhoun County, West Virginia";7254;3617;3637;1368;671;697;4107;2063;2044;1779;883;896;192;74;118
"Clay County, West Virginia";8632;4360;4272;1909;1008;901;4947;2481;2466;1776;871;905;190;70;120
"Doddridge County, West Virginia";8406;4625;3781;1313;703;610;5272;2999;2273;1821;923;898;177;90;87
"Fayette County, West Virginia";43018;21658;21360;8897;4536;4361;25069;13027;12042;9052;4095;4957;1012;302;710
"Gilmer County, West Virginia";8026;4798;3228;1150;618;532;5471;3514;1957;1405;666;739;213;76;137
"Grant County, West Virginia";11626;5796;5830;2257;1149;1108;6532;3319;3213;2837;1328;1509;326;126;200
"Greenbrier County, West Virginia";34786;17035;17751;6747;3430;3317;19940;9896;10044;8099;3709;4390;940;340;600
"Hampshire County, West Virginia";23347;11915;11432;4366;2289;2077;13752;7035;6717;5229;2591;2638;492;201;291
"Hancock County, West Virginia";29094;14177;14917;5507;2829;2678;16865;8422;8443;6722;2926;3796;928;298;630
"Hardy County, West Virginia";13775;6932;6843;2807;1444;1363;7953;4039;3914;3015;1449;1566;254;89;165
"Harrison County, West Virginia";67554;33182;34372;14434;7518;6916;39980;19912;20068;13140;5752;7388;1666;548;1118
"Jackson County, West Virginia";28706;14266;14440;6109;3205;2904;16741;8387;8354;5856;2674;3182;680;259;421
"Jefferson County, West Virginia";56811;28187;28624;12638;6511;6127;34975;17392;17583;9198;4284;4914;812;304;508
"Kanawha County, West Virginia";180454;86916;93538;36012;18234;17778;107170;52479;54691;37272;16203;21069;4459;1534;2925
"Lewis County, West Virginia";16024;7966;8058;3403;1736;1667;9315;4714;4601;3306;1516;1790;330;133;197
"Lincoln County, West Virginia";20599;10205;10394;4539;2302;2237;12045;6031;6014;4015;1872;2143;350;133;217
"Logan County, West Virginia";32607;16105;16502;6677;3408;3269;19329;9729;9600;6601;2968;3633;582;215;367
"McDowell County, West Virginia";18223;8917;9306;3735;1895;1840;10524;5202;5322;3964;1820;2144;419;147;272
"Marion County, West Virginia";56097;27692;28405;11260;5788;5472;33874;16994;16880;10963;4910;6053;1335;462;873
"Marshall County, West Virginia";30785;15262;15523;5950;3029;2921;17949;9118;8831;6886;3115;3771;775;280;495
"Mason County, West Virginia";26718;12925;13793;5584;2908;2676;15551;7476;8075;5583;2541;3042;645;226;419
"Mercer County, West Virginia";59131;28395;30736;12199;6248;5951;33926;16418;17508;13006;5729;7277;1525;470;1055
"Mineral County, West Virginia";26940;13403;13537;5362;2790;2572;15737;7916;7821;5841;2697;3144;517;203;314
"Mingo County, West Virginia";23785;11724;12061;5285;2736;2549;13998;6878;7120;4502;2110;2392;373;136;237
"Monongalia County, West Virginia";106420;54938;51482;17326;8990;8336;75646;39776;35870;13448;6172;7276;1636;546;1090
"Monroe County, West Virginia";13280;6638;6642;2620;1361;1259;7341;3724;3617;3319;1553;1766;368;141;227
"Morgan County, West Virginia";17787;8914;8873;3185;1656;1529;10495;5311;5184;4107;1947;2160;376;146;230
"Nicholas County, West Virginia";24842;12215;12627;5113;2606;2507;14176;6975;7201;5553;2634;2919;517;184;333
"Ohio County, West Virginia";41755;20148;21607;7937;4017;3920;24713;12265;12448;9105;3866;5239;1433;416;1017
"Pendleton County, West Virginia";6997;3539;3458;1286;652;634;3817;1977;1840;1894;910;984;286;140;146
"Pleasants County, West Virginia";7507;4083;3424;1397;742;655;4674;2657;2017;1436;684;752;143;41;102
"Pocahontas County, West Virginia";8414;4313;4101;1466;728;738;4826;2556;2270;2122;1029;1093;221;67;154
"Preston County, West Virginia";33839;17367;16472;6475;3335;3140;20586;10868;9718;6778;3164;3614;673;238;435
"Putnam County, West Virginia";56682;27871;28811;12619;6468;6151;33675;16728;16947;10388;4675;5713;959;327;632
"Raleigh County, West Virginia";74254;37223;37031;15460;7875;7585;43477;22436;21041;15317;6912;8405;1825;619;1206
"Randolph County, West Virginia";28823;14916;13907;5425;2786;2639;17091;9204;7887;6307;2926;3381;727;250;477
"Ritchie County, West Virginia";9721;4862;4859;1943;997;946;5583;2830;2753;2195;1035;1160;241;87;154
"Roane County, West Virginia";13932;6874;7058;2879;1413;1466;7999;4030;3969;3054;1431;1623;319;102;217
"Summers County, West Virginia";12760;5759;7001;2127;1023;1104;7456;3236;4220;3177;1500;1677;365;143;222
"Taylor County, West Virginia";16862;8556;8306;3398;1753;1645;10053;5233;4820;3411;1570;1841;400;141;259
"Tucker County, West Virginia";6955;3554;3401;1077;589;488;4057;2070;1987;1821;895;926;195;78;117
"Tyler County, West Virginia";8746;4398;4348;1718;891;827;5047;2539;2508;1981;968;1013;234;101;133
"Upshur County, West Virginia";24415;12106;12309;5020;2558;2462;14429;7180;7249;4966;2368;2598;502;185;317
"Wayne County, West Virginia";39944;19527;20417;8178;4157;4021;23352;11494;11858;8414;3876;4538;952;363;589
"Webster County, West Virginia";8285;4145;4140;1657;843;814;4704;2375;2329;1924;927;997;204;69;135
"Wetzel County, West Virginia";15270;7498;7772;3032;1539;1493;8718;4367;4351;3520;1592;1928;413;129;284
"Wirt County, West Virginia";5830;2969;2861;1242;658;584;3408;1695;1713;1180;616;564;93;32;61
"Wood County, West Virginia";84203;40905;43298;17621;9013;8608;49373;24323;25050;17209;7569;9640;1910;640;1270
"Wyoming County, West Virginia";20786;10274;10512;4217;2161;2056;12158;6025;6133;4411;2088;2323;390;144;246
"Adams County, Wisconsin";20348;10925;9423;2949;1511;1438;11476;6440;5036;5923;2974;2949;519;226;293
"Ashland County, Wisconsin";15600;7818;7782;3409;1764;1645;9136;4620;4516;3055;1434;1621;370;112;258
"Barron County, Wisconsin";45164;22628;22536;9739;4939;4800;25517;13109;12408;9908;4580;5328;1243;420;823
"Bayfield County, Wisconsin";15042;7660;7382;2574;1335;1239;8299;4195;4104;4169;2130;2039;395;191;204
"Brown County, Wisconsin";263378;130577;132801;62704;31829;30875;161541;81150;80391;39133;17598;21535;4741;1648;3093
"Buffalo County, Wisconsin";13125;6677;6448;2731;1342;1389;7492;3870;3622;2902;1465;1437;346;144;202
"Burnett County, Wisconsin";15392;7884;7508;2731;1478;1253;8265;4181;4084;4396;2225;2171;451;194;257
"Calumet County, Wisconsin";50159;25262;24897;11959;6146;5813;30629;15554;15075;7571;3562;4009;831;331;500
"Chippewa County, Wisconsin";64135;33239;30896;14148;7221;6927;38462;20633;17829;11525;5385;6140;1431;502;929
"Clark County, Wisconsin";34709;17523;17186;10223;5198;5025;18725;9631;9094;5761;2694;3067;861;291;570
"Columbia County, Wisconsin";57358;29321;28037;12182;6266;5916;34926;18218;16708;10250;4837;5413;1198;404;794
"Crawford County, Wisconsin";16291;8461;7830;3320;1713;1607;9185;4890;4295;3786;1858;1928;462;185;277
"Dane County, Wisconsin";542364;269692;272672;110624;56665;53959;357307;179698;177609;74433;33329;41104;9224;3150;6074
"Dodge County, Wisconsin";87847;46444;41403;17436;8962;8474;54914;30397;24517;15497;7085;8412;2192;752;1440
"Door County, Wisconsin";27610;13625;13985;4489;2289;2200;14906;7474;7432;8215;3862;4353;906;321;585
"Douglas County, Wisconsin";43208;21627;21581;8507;4366;4141;26662;13382;13280;8039;3879;4160;961;345;616
"Dunn County, Wisconsin";45131;22651;22480;8872;4554;4318;29182;14869;14313;7077;3228;3849;987;314;673
"Eau Claire County, Wisconsin";104534;51647;52887;21327;11054;10273;66833;33212;33621;16374;7381;8993;2097;708;1389
"Florence County, Wisconsin";4321;2226;2095;639;349;290;2557;1306;1251;1125;571;554;118;48;70
"Fond du Lac County, Wisconsin";103066;50694;52372;22030;11154;10876;61953;30976;30977;19083;8564;10519;2711;850;1861
"Forest County, Wisconsin";8991;4556;4435;1751;906;845;5176;2637;2539;2064;1013;1051;246;100;146
"Grant County, Wisconsin";51554;26737;24817;10762;5463;5299;31897;17286;14611;8895;3988;4907;1319;417;902
"Green County, Wisconsin";36929;18350;18579;8155;4125;4030;21863;11038;10825;6911;3187;3724;983;332;651
"Green Lake County, Wisconsin";18918;9506;9412;4243;2142;2101;10474;5384;5090;4201;1980;2221;503;183;320
"Iowa County, Wisconsin";23771;11904;11867;5445;2745;2700;13868;7001;6867;4458;2158;2300;493;182;311
"Iron County, Wisconsin";5676;2857;2819;876;449;427;3048;1555;1493;1752;853;899;267;99;168
"Jackson County, Wisconsin";20478;10969;9509;4457;2309;2148;12136;6768;5368;3885;1892;1993;429;164;265
"Jefferson County, Wisconsin";85129;42546;42583;17958;9232;8726;52735;26624;26111;14436;6690;7746;1558;563;995
"Juneau County, Wisconsin";26617;14165;12452;5382;2767;2615;15845;8795;7050;5390;2603;2787;590;211;379
"Kenosha County, Wisconsin";169290;83836;85454;38674;19773;18901;106691;53307;53384;23925;10756;13169;3029;1003;2026
"Kewaunee County, Wisconsin";20383;10334;10049;4385;2238;2147;11830;6124;5706;4168;1972;2196;602;206;396
"La Crosse County, Wisconsin";118230;57659;60571;23386;11976;11410;75445;37025;38420;19399;8658;10741;2770;948;1822
"Lafayette County, Wisconsin";16665;8435;8230;4080;2057;2023;9473;4855;4618;3112;1523;1589;443;174;269
"Langlade County, Wisconsin";19268;9717;9551;3766;1942;1824;10886;5599;5287;4616;2176;2440;628;227;401
"Lincoln County, Wisconsin";27689;14029;13660;5047;2638;2409;16693;8584;8109;5949;2807;3142;788;273;515
"Manitowoc County, Wisconsin";79074;39507;39567;16260;8407;7853;46621;23706;22915;16193;7394;8799;2233;726;1507
"Marathon County, Wisconsin";135428;68084;67344;30846;15846;15000;80602;41155;39447;23980;11083;12897;3205;1125;2080
"Marinette County, Wisconsin";40434;20297;20137;7762;3987;3775;23050;11729;11321;9622;4581;5041;1274;449;825
"Marquette County, Wisconsin";15434;7877;7557;2963;1554;1409;8684;4495;4189;3787;1828;1959;427;173;254
"Menominee County, Wisconsin";4658;2320;2338;1580;843;737;2463;1196;1267;615;281;334;63;32;31
"Milwaukee County, Wisconsin";948201;459121;489080;227422;115858;111564;591776;288229;303547;129003;55034;73969;19090;6253;12837
"Monroe County, Wisconsin";46051;23301;22750;11693;5875;5818;26526;13682;12844;7832;3744;4088;931;333;598
"Oconto County, Wisconsin";37830;19383;18447;7678;3963;3715;22439;11561;10878;7713;3859;3854;734;274;460
"Oneida County, Wisconsin";35470;17794;17676;6054;3115;2939;20182;10216;9966;9234;4463;4771;1053;405;648
"Outagamie County, Wisconsin";187365;93674;93691;44129;22711;21418;115647;58520;57127;27589;12443;15146;3364;1189;2175
"Ozaukee County, Wisconsin";89147;43841;45306;18995;9767;9228;52549;26161;26388;17603;7913;9690;2466;893;1573
"Pepin County, Wisconsin";7289;3725;3564;1521;806;715;4137;2118;2019;1631;801;830;232;85;147
"Pierce County, Wisconsin";42555;21199;21356;8758;4575;4183;27583;13568;14015;6214;3056;3158;664;245;419
"Polk County, Wisconsin";43598;21976;21622;9107;4646;4461;25502;12977;12525;8989;4353;4636;998;372;626
"Portage County, Wisconsin";70942;35759;35183;13665;7064;6601;45447;23210;22237;11830;5485;6345;1419;484;935
"Price County, Wisconsin";13397;6820;6577;2427;1248;1179;7533;3889;3644;3437;1683;1754;394;135;259
"Racine County, Wisconsin";196584;97314;99270;45351;23230;22121;118773;59545;59228;32460;14539;17921;4154;1424;2730
"Richland County, Wisconsin";17377;8740;8637;3770;1933;1837;9635;4904;4731;3972;1903;2069;577;207;370
"Rock County, Wisconsin";163129;80393;82736;37701;19439;18262;98406;48907;49499;27022;12047;14975;3352;1119;2233
"Rusk County, Wisconsin";14147;7180;6967;2867;1474;1393;7856;4065;3791;3424;1641;1783;465;156;309
"St. Croix County, Wisconsin";89694;44793;44901;22234;11304;10930;54832;27564;27268;12628;5925;6703;1378;478;900
"Sauk County, Wisconsin";64249;32060;32189;14644;7569;7075;37705;19112;18593;11900;5379;6521;1570;495;1075
"Sawyer County, Wisconsin";16489;8421;8068;3215;1653;1562;8999;4616;4383;4275;2152;2123;414;166;248
"Shawano County, Wisconsin";40796;20414;20382;8714;4424;4290;23461;11897;11564;8621;4093;4528;1053;403;650
"Sheboygan County, Wisconsin";115456;58114;57342;25431;12983;12448;69236;35731;33505;20789;9400;11389;2811;982;1829
"Taylor County, Wisconsin";20412;10374;10038;4776;2440;2336;11731;6066;5665;3905;1868;2037;565;187;378
"Trempealeau County, Wisconsin";29442;14964;14478;7348;3806;3542;16764;8623;8141;5330;2535;2795;675;243;432
"Vernon County, Wisconsin";30785;15498;15287;8019;4125;3894;16755;8497;8258;6011;2876;3135;837;299;538
"Vilas County, Wisconsin";21938;11134;10804;3711;1905;1806;11469;5908;5561;6758;3321;3437;733;327;406
"Walworth County, Wisconsin";103718;51797;51921;21406;10979;10427;63978;32261;31717;18334;8557;9777;2177;809;1368
"Washburn County, Wisconsin";15878;7861;8017;3042;1549;1493;8667;4267;4400;4169;2045;2124;488;164;324
"Washington County, Wisconsin";135693;67452;68241;29722;14968;14754;81566;41324;40242;24405;11160;13245;3133;1135;1998
"Waukesha County, Wisconsin";403072;198189;204883;86695;44458;42237;241187;120089;121098;75190;33642;41548;10512;3608;6904
"Waupaca County, Wisconsin";51128;25940;25188;10373;5397;4976;30086;15382;14704;10669;5161;5508;1685;715;970
"Waushara County, Wisconsin";24263;12764;11499;4431;2233;2198;13920;7634;6286;5912;2897;3015;672;260;412
"Winnebago County, Wisconsin";171020;86063;84957;35085;17900;17185;107913;55619;52294;28022;12544;15478;3959;1385;2574
"Wood County, Wisconsin";73055;35949;37106;15748;7947;7801;42285;21232;21053;15022;6770;8252;2187;781;1406
"Albany County, Wyoming";38601;20145;18456;6287;3269;3018;27784;14732;13052;4530;2144;2386;450;160;290
"Big Horn County, Wyoming";11881;5982;5899;3003;1495;1508;6383;3280;3103;2495;1207;1288;282;116;166
"Campbell County, Wyoming";46140;23779;22361;12611;6496;6115;28887;15057;13830;4642;2226;2416;366;138;228
"Carbon County, Wyoming";14971;8081;6890;3419;1782;1637;8989;5012;3977;2563;1287;1276;257;110;147
"Converse County, Wyoming";13640;6927;6713;3354;1715;1639;8019;4119;3900;2267;1093;1174;228;93;135
"Crook County, Wyoming";7450;3785;3665;1811;916;895;4102;2091;2011;1537;778;759;159;65;94
"Fremont County, Wyoming";39531;19826;19705;10104;5186;4918;22205;11245;10960;7222;3395;3827;805;307;498
"Goshen County, Wyoming";13376;6983;6393;2685;1351;1334;7757;4261;3496;2934;1371;1563;444;153;291
"Hot Springs County, Wyoming";4555;2298;2257;961;518;443;2400;1213;1187;1194;567;627;149;58;91
"Johnson County, Wyoming";8460;4265;4195;1854;997;857;4602;2250;2352;2004;1018;986;237;99;138
"Laramie County, Wyoming";98976;50170;48806;23032;11841;11191;60080;30950;29130;15864;7379;8485;1908;682;1226
"Lincoln County, Wyoming";19434;9930;9504;5136;2666;2470;10922;5559;5363;3376;1705;1671;276;116;160
"Natrona County, Wyoming";79115;39860;39255;19040;9829;9211;47895;24442;23453;12180;5589;6591;1602;553;1049
"Niobrara County, Wyoming";2388;1091;1297;424;231;193;1424;580;844;540;280;260;52;27;25
"Park County, Wyoming";29324;14605;14719;6039;3129;2910;16480;8192;8288;6805;3284;3521;787;271;516
"Platte County, Wyoming";8566;4310;4256;1731;868;863;4640;2364;2276;2195;1078;1117;253;108;145
"Sheridan County, Wyoming";30233;15179;15054;6462;3339;3123;17424;8741;8683;6347;3099;3248;753;291;462
"Sublette County, Wyoming";9813;5295;4518;2209;1180;1029;5693;3079;2614;1911;1036;875;180;107;73
"Sweetwater County, Wyoming";43051;22152;20899;11290;5773;5517;26547;13833;12714;5214;2546;2668;471;160;311
"Teton County, Wyoming";23081;11909;11172;4239;2167;2072;15284;7946;7338;3558;1796;1762;325;132;193
"Uinta County, Wyoming";20299;10285;10014;5844;3018;2826;11597;5850;5747;2858;1417;1441;255;89;166
"Washakie County, Wyoming";7885;3988;3897;1793;912;881;4382;2248;2134;1710;828;882;242;97;145
"Weston County, Wyoming";6967;3689;3278;1447;742;705;4091;2251;1840;1429;696;733;200;69;131
